0.000000	-5.904551e-04
0.005000	-6.404043e-04
0.010000	-7.034635e-04
0.015000	-7.217380e-04
0.020000	-4.938092e-04
0.025000	-1.102473e-04
0.030000	-1.009120e-04
0.035000	-3.575461e-04
0.040000	-8.832681e-04
0.045000	-1.228140e-03
0.050000	-1.050349e-03
0.055000	-5.670369e-04
0.060000	4.211141e-04
0.065000	9.342028e-04
0.070000	7.799346e-04
0.075000	7.240578e-04
0.080000	2.686709e-04
0.085000	-6.065458e-04
0.090000	-2.757815e-04
0.095000	4.207025e-05
0.100000	8.997394e-04
0.105000	2.504396e-03
0.110000	3.063580e-03
0.115000	3.500820e-03
0.120000	1.772160e-03
0.125000	7.886579e-04
0.130000	-1.741495e-03
0.135000	-3.237479e-03
0.140000	-1.980316e-03
0.145000	3.738187e-04
0.150000	4.204281e-03
0.155000	5.067325e-03
0.160000	4.605640e-03
0.165000	1.737905e-03
0.170000	1.174989e-03
0.175000	-3.518557e-04
0.180000	-8.128763e-04
0.185000	-1.461869e-03
0.190000	5.982251e-04
0.195000	2.341276e-03
0.200000	5.147624e-03
0.205000	7.068275e-03
0.210000	6.308412e-03
0.215000	4.570430e-03
0.220000	1.010903e-03
0.225000	-2.043466e-03
0.230000	-2.902774e-03
0.235000	-7.417202e-04
0.240000	1.657775e-03
0.245000	1.809921e-03
0.250000	2.392868e-03
0.255000	1.835198e-03
0.260000	-5.625361e-04
0.265000	-1.789503e-04
0.270000	7.214204e-04
0.275000	6.441343e-04
0.280000	1.808174e-04
0.285000	-6.725208e-05
0.290000	7.772386e-04
0.295000	2.897717e-03
0.300000	4.246410e-03
0.305000	3.350882e-03
0.310000	2.475093e-04
0.315000	-4.085115e-03
0.320000	-4.109808e-03
0.325000	-3.398792e-03
0.330000	-1.064044e-03
0.335000	3.013051e-03
0.340000	6.815958e-03
0.345000	6.906930e-03
0.350000	4.236877e-03
0.355000	3.012272e-04
0.360000	-3.594968e-03
0.365000	-4.144123e-03
0.370000	-3.975767e-03
0.375000	-3.507020e-03
0.380000	-4.012181e-03
0.385000	-5.950055e-03
0.390000	-6.497487e-03
0.395000	-5.092546e-03
0.400000	-2.149139e-03
0.405000	9.353664e-04
0.410000	3.433759e-03
0.415000	3.228407e-03
0.420000	1.095669e-03
0.425000	-7.015165e-04
0.430000	-3.461097e-04
0.435000	8.193451e-04
0.440000	6.617700e-04
0.445000	-8.410279e-04
0.450000	-2.970526e-03
0.455000	-3.230805e-03
0.460000	-2.695637e-03
0.465000	-2.816562e-03
0.470000	-2.078223e-03
0.475000	7.810066e-04
0.480000	3.894109e-03
0.485000	5.830646e-03
0.490000	6.178844e-03
0.495000	5.072108e-03
0.500000	2.734153e-03
0.505000	-1.465406e-03
0.510000	-6.358061e-03
0.515000	-9.374108e-03
0.520000	-8.269723e-03
0.525000	-4.802683e-03
0.530000	-6.110496e-04
0.535000	3.261555e-03
0.540000	4.110761e-03
0.545000	6.243377e-04
0.550000	-4.518816e-03
0.555000	-7.777060e-03
0.560000	-4.994015e-03
0.565000	1.204248e-03
0.570000	5.546415e-03
0.575000	5.896782e-03
0.580000	4.295642e-03
0.585000	2.061557e-03
0.590000	1.916593e-03
0.595000	3.387602e-03
0.600000	2.872353e-03
0.605000	5.970830e-04
0.610000	-1.248711e-03
0.615000	-2.278781e-03
0.620000	-3.923367e-03
0.625000	-5.482323e-03
0.630000	-6.251154e-03
0.635000	-4.544676e-03
0.640000	-2.321154e-03
0.645000	-3.702835e-04
0.650000	4.326625e-04
0.655000	-8.400953e-04
0.660000	-1.383526e-03
0.665000	-5.393476e-04
0.670000	2.613514e-03
0.675000	7.467309e-03
0.680000	9.194955e-03
0.685000	6.362009e-03
0.690000	3.479769e-03
0.695000	3.135262e-03
0.700000	2.332870e-03
0.705000	2.931191e-03
0.710000	3.595856e-03
0.715000	5.098674e-03
0.720000	6.745918e-03
0.725000	5.499794e-03
0.730000	3.119341e-03
0.735000	-4.477302e-04
0.740000	-3.563235e-03
0.745000	-6.001880e-03
0.750000	-6.269682e-03
0.755000	-2.861373e-03
0.760000	1.228005e-03
0.765000	2.581492e-03
0.770000	2.889107e-04
0.775000	-3.901217e-03
0.780000	-4.746915e-03
0.785000	-5.010470e-03
0.790000	-7.439896e-03
0.795000	-7.839364e-03
0.800000	-6.304832e-03
0.805000	-3.303051e-03
0.810000	1.018728e-03
0.815000	5.422683e-03
0.820000	8.481797e-03
0.825000	1.002546e-02
0.830000	1.076817e-02
0.835000	1.170096e-02
0.840000	1.466108e-02
0.845000	1.589746e-02
0.850000	1.154826e-02
0.855000	8.405253e-04
0.860000	-1.044581e-02
0.865000	-1.318697e-02
0.870000	-1.118662e-02
0.875000	-8.392128e-03
0.880000	-2.338491e-03
0.885000	6.267469e-03
0.890000	8.671850e-03
0.895000	6.042213e-03
0.900000	1.594200e-03
0.905000	-7.556169e-04
0.910000	-4.265342e-03
0.915000	-9.371795e-03
0.920000	-9.890329e-03
0.925000	-7.161707e-03
0.930000	-2.625500e-03
0.935000	2.932065e-03
0.940000	7.788045e-03
0.945000	5.285030e-03
0.950000	5.367405e-03
0.955000	5.723991e-03
0.960000	5.221242e-03
0.965000	4.378639e-03
0.970000	-5.759136e-06
0.975000	-4.431045e-03
0.980000	-7.193335e-03
0.985000	-6.998983e-03
0.990000	-1.201442e-02
0.995000	-1.710327e-02
1.000000	-1.686063e-02
1.005000	-1.651240e-02
1.010000	-1.072632e-02
1.015000	-4.240072e-03
1.020000	5.000484e-03
1.025000	1.320786e-02
1.030000	9.615056e-03
1.035000	3.675691e-03
1.040000	-2.293947e-04
1.045000	-6.912017e-03
1.050000	-1.266516e-02
1.055000	-1.354263e-02
1.060000	-1.609997e-02
1.065000	-1.733965e-02
1.070000	-1.411901e-02
1.075000	-1.013737e-02
1.080000	-2.254335e-03
1.085000	2.868183e-04
1.090000	3.460116e-03
1.095000	5.033697e-03
1.100000	7.767458e-03
1.105000	1.280259e-02
1.110000	9.456392e-03
1.115000	4.642519e-03
1.120000	2.658058e-03
1.125000	1.690882e-03
1.130000	3.336391e-04
1.135000	-2.059756e-03
1.140000	1.498969e-03
1.145000	4.449658e-03
1.150000	3.588834e-03
1.155000	-3.437479e-05
1.160000	-8.541616e-03
1.165000	-1.708543e-02
1.170000	-2.184314e-02
1.175000	-2.371997e-02
1.180000	-2.148211e-02
1.185000	-1.802584e-02
1.190000	-1.493155e-02
1.195000	-9.571721e-03
1.200000	-2.634430e-03
1.205000	5.794621e-03
1.210000	1.307274e-02
1.215000	1.855296e-02
1.220000	1.703694e-02
1.225000	1.196162e-02
1.230000	3.977300e-03
1.235000	-4.970577e-04
1.240000	-3.195052e-03
1.245000	-6.410772e-03
1.250000	-7.530574e-03
1.255000	-7.036795e-03
1.260000	-8.872407e-03
1.265000	-1.377741e-02
1.270000	-1.641356e-02
1.275000	-1.286170e-02
1.280000	-3.691986e-03
1.285000	5.972001e-03
1.290000	9.106626e-03
1.295000	8.631870e-03
1.300000	7.913065e-03
1.305000	6.941912e-03
1.310000	4.351163e-03
1.315000	3.414811e-03
1.320000	5.605776e-03
1.325000	6.671686e-03
1.330000	3.183376e-03
1.335000	-2.517035e-03
1.340000	-6.797163e-03
1.345000	-6.540270e-03
1.350000	-5.883708e-03
1.355000	-7.280140e-03
1.360000	-1.166856e-02
1.365000	-1.601898e-02
1.370000	-1.739655e-02
1.375000	-1.309717e-02
1.380000	-3.771751e-03
1.385000	4.600586e-03
1.390000	1.179761e-02
1.395000	1.599971e-02
1.400000	1.501877e-02
1.405000	6.713639e-03
1.410000	-4.687988e-03
1.415000	-9.325310e-03
1.420000	-7.603873e-03
1.425000	2.181594e-03
1.430000	1.383674e-02
1.435000	2.395814e-02
1.440000	2.966396e-02
1.445000	2.834900e-02
1.450000	2.035034e-02
1.455000	1.394688e-02
1.460000	9.120105e-03
1.465000	5.046646e-03
1.470000	4.924811e-03
1.475000	5.513817e-04
1.480000	-8.877074e-03
1.485000	-1.481517e-02
1.490000	-1.959244e-02
1.495000	-2.517124e-02
1.500000	-2.161463e-02
1.505000	-1.291503e-02
1.510000	-5.344662e-03
1.515000	1.271320e-03
1.520000	6.933003e-03
1.525000	8.833333e-03
1.530000	9.763304e-03
1.535000	9.006672e-03
1.540000	8.127426e-03
1.545000	9.634847e-03
1.550000	1.130218e-02
1.555000	6.753755e-03
1.560000	-4.262397e-06
1.565000	-5.983717e-03
1.570000	-1.249263e-02
1.575000	-1.040376e-02
1.580000	5.789740e-04
1.585000	1.564124e-02
1.590000	2.641698e-02
1.595000	2.683042e-02
1.600000	2.151203e-02
1.605000	1.187134e-02
1.610000	-1.636930e-03
1.615000	-1.343461e-02
1.620000	-1.732616e-02
1.625000	-1.508896e-02
1.630000	-1.008097e-02
1.635000	-4.721467e-03
1.640000	4.705227e-04
1.645000	5.811684e-03
1.650000	8.977374e-03
1.655000	1.027648e-02
1.660000	1.017017e-02
1.665000	8.511229e-03
1.670000	4.033714e-03
1.675000	-2.936412e-04
1.680000	-3.899801e-03
1.685000	-6.960090e-03
1.690000	-5.680660e-03
1.695000	-5.013334e-03
1.700000	-7.404025e-03
1.705000	-1.182906e-02
1.710000	-1.416771e-02
1.715000	-1.284928e-02
1.720000	-9.361221e-03
1.725000	-4.020483e-03
1.730000	-1.642845e-03
1.735000	-4.028359e-04
1.740000	1.002798e-03
1.745000	1.749746e-03
1.750000	3.985500e-04
1.755000	-1.813921e-03
1.760000	-1.213181e-03
1.765000	3.140855e-04
1.770000	3.039467e-03
1.775000	7.741417e-03
1.780000	1.747862e-02
1.785000	2.836366e-02
1.790000	3.012428e-02
1.795000	2.411459e-02
1.800000	1.695015e-02
1.805000	1.398372e-02
1.810000	1.408241e-02
1.815000	1.153743e-02
1.820000	4.664343e-03
1.825000	-3.472635e-03
1.830000	-4.638871e-03
1.835000	-2.365654e-03
1.840000	-1.133041e-03
1.845000	-4.924533e-03
1.850000	-1.205351e-02
1.855000	-1.544224e-02
1.860000	-1.567454e-02
1.865000	-1.208578e-02
1.870000	-5.954023e-03
1.875000	-1.952988e-03
1.880000	1.880119e-03
1.885000	3.317620e-03
1.890000	6.447199e-03
1.895000	8.895005e-03
1.900000	5.036273e-03
1.905000	-4.865901e-03
1.910000	-1.841725e-02
1.915000	-3.297070e-02
1.920000	-3.689304e-02
1.925000	-2.593186e-02
1.930000	-1.202732e-02
1.935000	-2.797042e-03
1.940000	-8.977328e-04
1.945000	3.278944e-03
1.950000	1.068803e-02
1.955000	1.583470e-02
1.960000	1.933152e-02
1.965000	1.972444e-02
1.970000	1.312853e-02
1.975000	2.483195e-03
1.980000	-6.090310e-03
1.985000	-1.199885e-02
1.990000	-1.484653e-02
1.995000	-1.701231e-02
2.000000	-2.168454e-02
2.005000	-2.835405e-02
2.010000	-3.311561e-02
2.015000	-3.552978e-02
2.020000	-3.121682e-02
2.025000	-2.344982e-02
2.030000	-1.151713e-02
2.035000	-7.827122e-04
2.040000	7.746809e-03
2.045000	1.178502e-02
2.050000	8.322756e-03
2.055000	3.074133e-03
2.060000	-5.458744e-04
2.065000	-4.653783e-04
2.070000	7.720428e-04
2.075000	8.774407e-04
2.080000	2.805110e-03
2.085000	7.355683e-03
2.090000	8.841304e-03
2.095000	9.300293e-03
2.100000	8.106926e-03
2.105000	1.820842e-03
2.110000	-8.643594e-03
2.115000	-1.725733e-02
2.120000	-1.953405e-02
2.125000	-1.295176e-02
2.130000	2.739154e-03
2.135000	2.096819e-02
2.140000	3.714388e-02
2.145000	3.583060e-02
2.150000	2.555899e-02
2.155000	1.484500e-02
2.160000	1.191997e-02
2.165000	1.383895e-02
2.170000	1.916694e-02
2.175000	2.237844e-02
2.180000	2.211478e-02
2.185000	1.890478e-02
2.190000	1.428167e-02
2.195000	1.158067e-02
2.200000	1.127160e-02
2.205000	9.583153e-03
2.210000	5.017167e-03
2.215000	-3.903473e-03
2.220000	-1.570615e-02
2.225000	-2.404306e-02
2.230000	-2.286244e-02
2.235000	-1.820244e-02
2.240000	-1.548892e-02
2.245000	-1.961657e-02
2.250000	-3.083469e-02
2.255000	-3.688068e-02
2.260000	-3.711289e-02
2.265000	-3.186298e-02
2.270000	-1.685289e-02
2.275000	4.843683e-03
2.280000	2.391498e-02
2.285000	3.150438e-02
2.290000	4.001910e-02
2.295000	5.208553e-02
2.300000	6.402657e-02
2.305000	7.598914e-02
2.310000	8.303584e-02
2.315000	8.761610e-02
2.320000	8.728210e-02
2.325000	7.632145e-02
2.330000	5.527984e-02
2.335000	2.731975e-02
2.340000	1.016089e-02
2.345000	-7.580849e-03
2.350000	-2.433313e-02
2.355000	-2.943802e-02
2.360000	-2.990665e-02
2.365000	-2.508635e-02
2.370000	-1.909374e-02
2.375000	-1.262173e-02
2.380000	-9.506268e-03
2.385000	-8.485497e-03
2.390000	-4.269070e-03
2.395000	6.757123e-03
2.400000	3.025986e-02
2.405000	5.098197e-02
2.410000	5.738933e-02
2.415000	5.231799e-02
2.420000	4.529615e-02
2.425000	4.264065e-02
2.430000	4.863556e-02
2.435000	6.266022e-02
2.440000	8.129943e-02
2.445000	9.416931e-02
2.450000	9.325497e-02
2.455000	8.231321e-02
2.460000	6.200125e-02
2.465000	3.807540e-02
2.470000	-2.698854e-04
2.475000	-4.078822e-02
2.480000	-5.666371e-02
2.485000	-7.437621e-02
2.490000	-8.148907e-02
2.495000	-8.530831e-02
2.500000	-8.776387e-02
2.505000	-8.637124e-02
2.510000	-7.843160e-02
2.515000	-6.189426e-02
2.520000	-4.508012e-02
2.525000	-2.830591e-02
2.530000	-1.505550e-02
2.535000	-7.786325e-03
2.540000	-3.034936e-03
2.545000	-4.619826e-03
2.550000	-1.100554e-02
2.555000	-1.953580e-02
2.560000	-2.521384e-02
2.565000	-2.696045e-02
2.570000	-2.972298e-02
2.575000	-3.048282e-02
2.580000	-3.326795e-02
2.585000	-3.867102e-02
2.590000	-4.848154e-02
2.595000	-6.054384e-02
2.600000	-6.723183e-02
2.605000	-6.859853e-02
2.610000	-6.759903e-02
2.615000	-6.677334e-02
2.620000	-6.234849e-02
2.625000	-5.316639e-02
2.630000	-4.273437e-02
2.635000	-2.953624e-02
2.640000	-1.538383e-02
2.645000	-3.792382e-03
2.650000	9.581732e-03
2.655000	2.076528e-02
2.660000	3.250197e-02
2.665000	4.280114e-02
2.670000	4.713254e-02
2.675000	4.678411e-02
2.680000	3.944062e-02
2.685000	2.382320e-02
2.690000	-3.171662e-03
2.695000	-2.974598e-02
2.700000	-4.331505e-02
2.705000	-5.789535e-02
2.710000	-7.094364e-02
2.715000	-7.661509e-02
2.720000	-7.722052e-02
2.725000	-7.749193e-02
2.730000	-8.158628e-02
2.735000	-8.834616e-02
2.740000	-9.203176e-02
2.745000	-9.487699e-02
2.750000	-9.746942e-02
2.755000	-9.749268e-02
2.760000	-1.031595e-01
2.765000	-1.149100e-01
2.770000	-1.254320e-01
2.775000	-1.302708e-01
2.780000	-1.248308e-01
2.785000	-1.104201e-01
2.790000	-9.095018e-02
2.795000	-7.580870e-02
2.800000	-5.867430e-02
2.805000	-4.191482e-02
2.810000	-3.284495e-02
2.815000	-1.657562e-02
2.820000	3.879148e-03
2.825000	1.788564e-02
2.830000	2.064577e-02
2.835000	9.492113e-03
2.840000	-1.330185e-02
2.845000	-4.018798e-02
2.850000	-5.851502e-02
2.855000	-7.605566e-02
2.860000	-9.561973e-02
2.865000	-1.084131e-01
2.870000	-1.135137e-01
2.875000	-1.134832e-01
2.880000	-1.027685e-01
2.885000	-8.944455e-02
2.890000	-8.422485e-02
2.895000	-8.056251e-02
2.900000	-7.471619e-02
2.905000	-7.015437e-02
2.910000	-6.218828e-02
2.915000	-5.168542e-02
2.920000	-4.361668e-02
2.925000	-3.856587e-02
2.930000	-3.508653e-02
2.935000	-3.416938e-02
2.940000	-3.331142e-02
2.945000	-2.756690e-02
2.950000	-1.891161e-02
2.955000	-1.110913e-02
2.960000	-6.055762e-03
2.965000	5.107257e-04
2.970000	7.893006e-03
2.975000	1.053770e-02
2.980000	1.008958e-02
2.985000	5.729244e-03
2.990000	1.597606e-04
2.995000	-5.795961e-03
3.000000	-1.563068e-02
3.005000	-2.443634e-02
3.010000	-3.154673e-02
3.015000	-3.713066e-02
3.020000	-4.136462e-02
3.025000	-4.143711e-02
3.030000	-3.885405e-02
3.035000	-3.877108e-02
3.040000	-3.756616e-02
3.045000	-3.312408e-02
3.050000	-2.271784e-02
3.055000	-7.914265e-03
3.060000	2.264863e-03
3.065000	8.848391e-03
3.070000	6.843286e-03
3.075000	-4.020367e-04
3.080000	-6.311190e-03
3.085000	-7.814729e-03
3.090000	-1.225937e-02
3.095000	-1.904044e-02
3.100000	-2.473956e-02
3.105000	-2.745683e-02
3.110000	-2.570242e-02
3.115000	-1.740244e-02
3.120000	-8.562436e-03
3.125000	-7.420466e-04
3.130000	1.133176e-02
3.135000	2.835458e-02
3.140000	4.079751e-02
3.145000	5.131968e-02
3.150000	6.688257e-02
3.155000	7.800692e-02
3.160000	8.672006e-02
3.165000	9.290107e-02
3.170000	9.577691e-02
3.175000	1.005475e-01
3.180000	1.075219e-01
3.185000	1.200156e-01
3.190000	1.324297e-01
3.195000	1.390253e-01
3.200000	1.479508e-01
3.205000	1.533302e-01
3.210000	1.535658e-01
3.215000	1.502940e-01
3.220000	1.467863e-01
3.225000	1.480215e-01
3.230000	1.462451e-01
3.235000	1.388123e-01
3.240000	1.224207e-01
3.245000	9.983533e-02
3.250000	8.644944e-02
3.255000	7.675802e-02
3.260000	7.171537e-02
3.265000	7.885966e-02
3.270000	9.195862e-02
3.275000	1.070845e-01
3.280000	1.164502e-01
3.285000	1.272019e-01
3.290000	1.420867e-01
3.295000	1.539066e-01
3.300000	1.620791e-01
3.305000	1.645272e-01
3.310000	1.672179e-01
3.315000	1.719632e-01
3.320000	1.754558e-01
3.325000	1.783339e-01
3.330000	1.738717e-01
3.335000	1.589365e-01
3.340000	1.373130e-01
3.345000	1.119552e-01
3.350000	9.787494e-02
3.355000	7.925825e-02
3.360000	5.912619e-02
3.365000	2.874555e-02
3.370000	-1.411366e-02
3.375000	-3.853734e-02
3.380000	-5.844589e-02
3.385000	-6.974748e-02
3.390000	-6.113338e-02
3.395000	-4.964943e-02
3.400000	-3.227236e-02
3.405000	-2.067748e-02
3.410000	-1.372629e-02
3.415000	-1.230593e-02
3.420000	-1.278919e-02
3.425000	-1.653933e-02
3.430000	-2.264810e-02
3.435000	-3.059511e-02
3.440000	-3.640802e-02
3.445000	-3.816435e-02
3.450000	-4.510097e-02
3.455000	-6.418619e-02
3.460000	-8.697812e-02
3.465000	-1.124043e-01
3.470000	-1.367082e-01
3.475000	-1.640323e-01
3.480000	-1.921649e-01
3.485000	-2.028209e-01
3.490000	-2.069788e-01
3.495000	-2.124056e-01
3.500000	-2.084301e-01
3.505000	-1.970010e-01
3.510000	-1.749102e-01
3.515000	-1.569897e-01
3.520000	-1.365190e-01
3.525000	-1.210486e-01
3.530000	-1.011445e-01
3.535000	-7.293863e-02
3.540000	-5.712945e-02
3.545000	-4.001436e-02
3.550000	-3.109371e-02
3.555000	-3.694351e-02
3.560000	-5.239489e-02
3.565000	-7.261114e-02
3.570000	-8.707966e-02
3.575000	-9.574433e-02
3.580000	-1.010775e-01
3.585000	-1.130193e-01
3.590000	-1.276987e-01
3.595000	-1.332595e-01
3.600000	-1.275318e-01
3.605000	-1.146688e-01
3.610000	-9.967601e-02
3.615000	-7.754329e-02
3.620000	-5.374766e-02
3.625000	-3.662490e-02
3.630000	-2.349718e-02
3.635000	-1.296310e-02
3.640000	-4.507888e-03
3.645000	7.811159e-03
3.650000	1.594762e-02
3.655000	2.295743e-02
3.660000	2.675200e-02
3.665000	2.453155e-02
3.670000	2.058895e-02
3.675000	1.810349e-02
3.680000	1.399066e-02
3.685000	8.835591e-03
3.690000	7.664284e-03
3.695000	1.080125e-02
3.700000	1.630608e-02
3.705000	2.434517e-02
3.710000	4.007953e-02
3.715000	5.915901e-02
3.720000	7.233980e-02
3.725000	8.125117e-02
3.730000	8.766810e-02
3.735000	8.567722e-02
3.740000	7.745194e-02
3.745000	7.019160e-02
3.750000	6.370141e-02
3.755000	5.226417e-02
3.760000	3.723184e-02
3.765000	1.669554e-02
3.770000	-3.352888e-03
3.775000	-1.170027e-02
3.780000	-1.412442e-02
3.785000	-3.702446e-03
3.790000	1.788566e-02
3.795000	3.919810e-02
3.800000	5.555380e-02
3.805000	6.807628e-02
3.810000	8.016106e-02
3.815000	9.080082e-02
3.820000	1.010432e-01
3.825000	1.074981e-01
3.830000	1.099281e-01
3.835000	1.094635e-01
3.840000	1.073947e-01
3.845000	1.062656e-01
3.850000	1.065328e-01
3.855000	1.090261e-01
3.860000	1.145573e-01
3.865000	1.207861e-01
3.870000	1.320675e-01
3.875000	1.538749e-01
3.880000	1.806381e-01
3.885000	2.113597e-01
3.890000	2.521791e-01
3.895000	2.920872e-01
3.900000	3.314453e-01
3.905000	3.768927e-01
3.910000	4.067557e-01
3.915000	4.226129e-01
3.920000	4.380399e-01
3.925000	4.473720e-01
3.930000	4.477362e-01
3.935000	4.425865e-01
3.940000	4.296380e-01
3.945000	4.051629e-01
3.950000	3.827229e-01
3.955000	3.634676e-01
3.960000	3.462861e-01
3.965000	3.365232e-01
3.970000	3.274430e-01
3.975000	3.168110e-01
3.980000	3.084858e-01
3.985000	3.017068e-01
3.990000	2.966810e-01
3.995000	2.910185e-01
4.000000	2.827216e-01
4.005000	2.763841e-01
4.010000	2.721997e-01
4.015000	2.679164e-01
4.020000	2.651515e-01
4.025000	2.642952e-01
4.030000	2.668603e-01
4.035000	2.723109e-01
4.040000	2.791595e-01
4.045000	2.846941e-01
4.050000	2.889040e-01
4.055000	2.881818e-01
4.060000	2.788780e-01
4.065000	2.639960e-01
4.070000	2.454492e-01
4.075000	2.317734e-01
4.080000	2.178981e-01
4.085000	2.046686e-01
4.090000	1.998809e-01
4.095000	1.977502e-01
4.100000	1.993038e-01
4.105000	2.015523e-01
4.110000	1.987810e-01
4.115000	1.905234e-01
4.120000	1.767143e-01
4.125000	1.590077e-01
4.130000	1.460971e-01
4.135000	1.289366e-01
4.140000	1.101896e-01
4.145000	9.689620e-02
4.150000	8.573278e-02
4.155000	8.426803e-02
4.160000	8.479381e-02
4.165000	8.712919e-02
4.170000	9.098044e-02
4.175000	9.631031e-02
4.180000	1.009672e-01
4.185000	9.858912e-02
4.190000	8.582016e-02
4.195000	4.855423e-02
4.200000	-2.332551e-02
4.205000	-1.259637e-01
4.210000	-2.071145e-01
4.215000	-2.876276e-01
4.220000	-4.056753e-01
4.225000	-4.772299e-01
4.230000	-4.972611e-01
4.235000	-5.220899e-01
4.240000	-5.468510e-01
4.245000	-5.781739e-01
4.250000	-6.102956e-01
4.255000	-6.338819e-01
4.260000	-6.554170e-01
4.265000	-6.738432e-01
4.270000	-6.876437e-01
4.275000	-7.042454e-01
4.280000	-7.194585e-01
4.285000	-7.342002e-01
4.290000	-7.467805e-01
4.295000	-7.612654e-01
4.300000	-7.792394e-01
4.305000	-7.953637e-01
4.310000	-7.995871e-01
4.315000	-7.819643e-01
4.320000	-7.423456e-01
4.325000	-6.874319e-01
4.330000	-6.270141e-01
4.335000	-5.858984e-01
4.340000	-5.175010e-01
4.345000	-4.616657e-01
4.350000	-4.503294e-01
4.355000	-4.358702e-01
4.360000	-4.245894e-01
4.365000	-4.161257e-01
4.370000	-4.141216e-01
4.375000	-4.170249e-01
4.380000	-4.197115e-01
4.385000	-4.161811e-01
4.390000	-4.032162e-01
4.395000	-3.838881e-01
4.400000	-3.645731e-01
4.405000	-3.467688e-01
4.410000	-3.260072e-01
4.415000	-3.049573e-01
4.420000	-2.888033e-01
4.425000	-2.755071e-01
4.430000	-2.586251e-01
4.435000	-2.365145e-01
4.440000	-2.156677e-01
4.445000	-2.059336e-01
4.450000	-1.999709e-01
4.455000	-1.795533e-01
4.460000	-1.144842e-01
4.465000	2.746403e-02
4.470000	2.474298e-01
4.475000	5.253097e-01
4.480000	8.560630e-01
4.485000	1.118597e+00
4.490000	1.177564e+00
4.495000	1.063675e+00
4.500000	9.247243e-01
4.505000	8.597191e-01
4.510000	8.072123e-01
4.515000	7.593561e-01
4.520000	7.135035e-01
4.525000	6.752208e-01
4.530000	6.641014e-01
4.535000	6.700598e-01
4.540000	6.769274e-01
4.545000	6.828558e-01
4.550000	6.963678e-01
4.555000	7.155627e-01
4.560000	7.297459e-01
4.565000	7.297717e-01
4.570000	7.128734e-01
4.575000	6.924148e-01
4.580000	6.792871e-01
4.585000	6.617779e-01
4.590000	6.350234e-01
4.595000	6.070105e-01
4.600000	5.684271e-01
4.605000	5.268258e-01
4.610000	5.051123e-01
4.615000	4.864585e-01
4.620000	4.705026e-01
4.625000	4.544005e-01
4.630000	4.313250e-01
4.635000	4.169434e-01
4.640000	4.056823e-01
4.645000	3.980634e-01
4.650000	3.911865e-01
4.655000	3.621978e-01
4.660000	3.158121e-01
4.665000	3.067235e-01
4.670000	3.408722e-01
4.675000	3.657720e-01
4.680000	3.087685e-01
4.685000	8.765826e-02
4.690000	-2.653784e-01
4.695000	-6.590785e-01
4.700000	-8.766319e-01
4.705000	-7.552395e-01
4.710000	-7.454247e-01
4.715000	-8.466411e-01
4.720000	-9.091958e-01
4.725000	-9.415158e-01
4.730000	-9.415241e-01
4.735000	-9.549163e-01
4.740000	-9.838200e-01
4.745000	-1.016225e+00
4.750000	-1.051375e+00
4.755000	-1.094424e+00
4.760000	-1.126413e+00
4.765000	-1.159976e+00
4.770000	-1.214501e+00
4.775000	-1.275915e+00
4.780000	-1.309581e+00
4.785000	-1.270717e+00
4.790000	-1.211370e+00
4.795000	-1.072533e+00
4.800000	-8.156716e-01
4.805000	-5.254786e-01
4.810000	-2.707967e-01
4.815000	-2.549509e-01
4.820000	-2.409495e-01
4.825000	-1.604822e-01
4.830000	-1.008948e-01
4.835000	-6.761242e-02
4.840000	-4.501155e-02
4.845000	-3.329994e-02
4.850000	-3.955261e-02
4.855000	-5.686983e-02
4.860000	-7.408803e-02
4.865000	-7.417687e-02
4.870000	-4.891024e-02
4.875000	-8.555328e-03
4.880000	2.646184e-02
4.885000	2.857870e-02
4.890000	1.427734e-02
4.895000	-1.348620e-02
4.900000	-5.039646e-02
4.905000	-8.175728e-02
4.910000	-8.251044e-02
4.915000	-6.992668e-02
4.920000	-4.444738e-02
4.925000	-1.308016e-02
4.930000	1.981364e-02
4.935000	4.492916e-02
4.940000	7.392232e-02
4.945000	1.383970e-01
4.950000	2.346532e-01
4.955000	3.431106e-01
4.960000	4.880673e-01
4.965000	5.838004e-01
4.970000	5.596870e-01
4.975000	5.232988e-01
4.980000	4.952381e-01
4.985000	4.619653e-01
4.990000	4.336106e-01
4.995000	4.077720e-01
5.000000	3.581098e-01
5.005000	2.981770e-01
5.010000	2.512849e-01
5.015000	2.113417e-01
5.020000	1.618453e-01
5.025000	9.331995e-02
5.030000	1.821963e-02
5.035000	-5.934554e-02
5.040000	-1.548588e-01
5.045000	-2.342837e-01
5.050000	-2.663060e-01
5.055000	-2.991210e-01
5.060000	-3.432556e-01
5.065000	-3.727411e-01
5.070000	-3.896562e-01
5.075000	-3.855158e-01
5.080000	-3.644550e-01
5.085000	-3.360960e-01
5.090000	-3.159291e-01
5.095000	-3.021050e-01
5.100000	-2.810093e-01
5.105000	-2.444807e-01
5.110000	-1.990727e-01
5.115000	-1.675119e-01
5.120000	-1.422030e-01
5.125000	-1.225528e-01
5.130000	-1.067427e-01
5.135000	-9.137388e-02
5.140000	-8.344545e-02
5.145000	-7.676309e-02
5.150000	-6.770723e-02
5.155000	-6.154470e-02
5.160000	-5.524496e-02
5.165000	-3.659596e-02
5.170000	5.534141e-03
5.175000	8.383780e-02
5.180000	1.876142e-01
5.185000	2.858483e-01
5.190000	3.857746e-01
5.195000	4.444955e-01
5.200000	4.563362e-01
5.205000	4.396316e-01
5.210000	3.877019e-01
5.215000	3.201430e-01
5.220000	2.574885e-01
5.225000	2.201579e-01
5.230000	2.016087e-01
5.235000	1.824179e-01
5.240000	1.644964e-01
5.245000	1.420917e-01
5.250000	1.261534e-01
5.255000	1.229133e-01
5.260000	1.196908e-01
5.265000	1.141189e-01
5.270000	1.034256e-01
5.275000	8.391362e-02
5.280000	6.745974e-02
5.285000	5.459484e-02
5.290000	4.469311e-02
5.295000	4.231520e-02
5.300000	4.146487e-02
5.305000	3.893137e-02
5.310000	3.184159e-02
5.315000	2.004689e-02
5.320000	9.297380e-03
5.325000	-5.723165e-03
5.330000	-2.132623e-02
5.335000	-2.929429e-02
5.340000	-3.689805e-02
5.345000	-5.137239e-02
5.350000	-7.408640e-02
5.355000	-1.018445e-01
5.360000	-1.306183e-01
5.365000	-1.673221e-01
5.370000	-2.016756e-01
5.375000	-2.203234e-01
5.380000	-2.191756e-01
5.385000	-1.983403e-01
5.390000	-1.720053e-01
5.395000	-1.456200e-01
5.400000	-1.145175e-01
5.405000	-8.488017e-02
5.410000	-4.939675e-02
5.415000	-9.689654e-03
5.420000	4.100454e-02
5.425000	1.264253e-01
5.430000	2.257301e-01
5.435000	3.565500e-01
5.440000	4.605738e-01
5.445000	5.194465e-01
5.450000	5.430690e-01
5.455000	5.136255e-01
5.460000	4.647184e-01
5.465000	4.140335e-01
5.470000	3.746724e-01
5.475000	3.542574e-01
5.480000	3.126373e-01
5.485000	2.869842e-01
5.490000	2.577790e-01
5.495000	2.264318e-01
5.500000	2.191467e-01
5.505000	2.163039e-01
5.510000	2.100430e-01
5.515000	1.947569e-01
5.520000	1.515663e-01
5.525000	8.494870e-02
5.530000	1.140449e-02
5.535000	-9.556915e-02
5.540000	-1.491301e-01
5.545000	-1.809235e-01
5.550000	-2.334895e-01
5.555000	-2.487462e-01
5.560000	-2.666809e-01
5.565000	-2.933387e-01
5.570000	-3.096590e-01
5.575000	-3.269096e-01
5.580000	-3.437759e-01
5.585000	-3.495312e-01
5.590000	-3.453071e-01
5.595000	-3.341692e-01
5.600000	-3.155669e-01
5.605000	-2.872179e-01
5.610000	-2.635166e-01
5.615000	-2.157520e-01
5.620000	-1.176702e-01
5.625000	-5.396032e-02
5.630000	9.847222e-03
5.635000	1.052760e-01
5.640000	1.813292e-01
5.645000	2.618078e-01
5.650000	3.310638e-01
5.655000	4.141598e-01
5.660000	4.677904e-01
5.665000	4.645723e-01
5.670000	4.016457e-01
5.675000	3.025184e-01
5.680000	2.288596e-01
5.685000	1.835312e-01
5.690000	1.215924e-01
5.695000	8.653108e-02
5.700000	5.592979e-02
5.705000	2.680548e-02
5.710000	-6.227315e-03
5.715000	-4.577006e-02
5.720000	-6.500278e-02
5.725000	-7.058776e-02
5.730000	-7.370445e-02
5.735000	-7.283457e-02
5.740000	-7.290207e-02
5.745000	-7.038801e-02
5.750000	-5.903309e-02
5.755000	-3.156055e-02
5.760000	2.815031e-03
5.765000	3.147056e-02
5.770000	5.082680e-02
5.775000	5.678433e-02
5.780000	6.347515e-02
5.785000	6.262762e-02
5.790000	4.718785e-02
5.795000	1.760477e-02
5.800000	-2.308354e-02
5.805000	-5.186625e-02
5.810000	-7.753891e-02
5.815000	-1.131209e-01
5.820000	-1.394114e-01
5.825000	-1.656562e-01
5.830000	-1.771563e-01
5.835000	-1.804975e-01
5.840000	-1.836439e-01
5.845000	-1.762573e-01
5.850000	-1.614025e-01
5.855000	-1.427914e-01
5.860000	-1.252764e-01
5.865000	-1.075144e-01
5.870000	-9.609324e-02
5.875000	-8.888228e-02
5.880000	-8.547539e-02
5.885000	-8.835015e-02
5.890000	-9.372258e-02
5.895000	-1.018964e-01
5.900000	-1.148536e-01
5.905000	-1.331266e-01
5.910000	-1.518780e-01
5.915000	-1.713441e-01
5.920000	-1.992165e-01
5.925000	-2.300209e-01
5.930000	-2.525558e-01
5.935000	-2.718353e-01
5.940000	-2.900021e-01
5.945000	-3.091344e-01
5.950000	-3.265274e-01
5.955000	-3.406155e-01
5.960000	-3.557029e-01
5.965000	-3.704646e-01
5.970000	-3.830072e-01
5.975000	-3.920742e-01
5.980000	-3.956450e-01
5.985000	-3.876727e-01
5.990000	-3.635536e-01
5.995000	-3.280226e-01
6.000000	-2.995092e-01
6.005000	-2.808009e-01
6.010000	-2.518261e-01
6.015000	-2.145741e-01
6.020000	-1.833907e-01
6.025000	-1.541542e-01
6.030000	-1.165089e-01
6.035000	-7.568853e-02
6.040000	-2.071358e-02
6.045000	5.267959e-02
6.050000	1.360850e-01
6.055000	2.415237e-01
6.060000	3.442322e-01
6.065000	4.671389e-01
6.070000	6.037462e-01
6.075000	6.988000e-01
6.080000	7.148362e-01
6.085000	6.634993e-01
6.090000	5.963537e-01
6.095000	5.401786e-01
6.100000	4.920092e-01
6.105000	4.534515e-01
6.110000	4.146226e-01
6.115000	3.860086e-01
6.120000	3.627831e-01
6.125000	3.347100e-01
6.130000	3.132511e-01
6.135000	2.943271e-01
6.140000	2.764035e-01
6.145000	2.585852e-01
6.150000	2.291640e-01
6.155000	1.839038e-01
6.160000	1.392525e-01
6.165000	1.098532e-01
6.170000	9.790794e-02
6.175000	9.056956e-02
6.180000	8.015519e-02
6.185000	7.158548e-02
6.190000	6.691281e-02
6.195000	6.459341e-02
6.200000	6.409160e-02
6.205000	6.522990e-02
6.210000	6.755583e-02
6.215000	6.847167e-02
6.220000	6.380703e-02
6.225000	4.815893e-02
6.230000	1.832676e-02
6.235000	-1.362461e-02
6.240000	-3.300325e-02
6.245000	-6.329331e-02
6.250000	-1.018704e-01
6.255000	-1.288608e-01
6.260000	-1.659908e-01
6.265000	-2.035551e-01
6.270000	-2.305872e-01
6.275000	-2.531238e-01
6.280000	-2.568016e-01
6.285000	-2.461765e-01
6.290000	-2.215521e-01
6.295000	-1.856977e-01
6.300000	-1.391434e-01
6.305000	-8.719371e-02
6.310000	-5.158034e-02
6.315000	-1.717854e-02
6.320000	4.428525e-02
6.325000	1.340467e-01
6.330000	2.197895e-01
6.335000	2.731828e-01
6.340000	3.087252e-01
6.345000	3.360135e-01
6.350000	3.238176e-01
6.355000	2.687039e-01
6.360000	1.841684e-01
6.365000	1.260715e-01
6.370000	8.071655e-02
6.375000	3.944401e-02
6.380000	4.059070e-03
6.385000	-3.090559e-02
6.390000	-7.588220e-02
6.395000	-1.140078e-01
6.400000	-1.419018e-01
6.405000	-1.598894e-01
6.410000	-1.760413e-01
6.415000	-1.926872e-01
6.420000	-2.044623e-01
6.425000	-2.166031e-01
6.430000	-2.311919e-01
6.435000	-2.400075e-01
6.440000	-2.444757e-01
6.445000	-2.510549e-01
6.450000	-2.548179e-01
6.455000	-2.560643e-01
6.460000	-2.555526e-01
6.465000	-2.547801e-01
6.470000	-2.523346e-01
6.475000	-2.478835e-01
6.480000	-2.371665e-01
6.485000	-2.209462e-01
6.490000	-2.054233e-01
6.495000	-1.832282e-01
6.500000	-1.593749e-01
6.505000	-1.395131e-01
6.510000	-1.224675e-01
6.515000	-1.106342e-01
6.520000	-9.217754e-02
6.525000	-7.069038e-02
6.530000	-5.089646e-02
6.535000	-2.494964e-02
6.540000	1.317543e-02
6.545000	4.637631e-02
6.550000	1.017532e-01
6.555000	1.760249e-01
6.560000	2.401430e-01
6.565000	3.206399e-01
6.570000	3.591720e-01
6.575000	3.908605e-01
6.580000	3.836011e-01
6.585000	3.324424e-01
6.590000	2.582898e-01
6.595000	1.919828e-01
6.600000	1.572984e-01
6.605000	1.352076e-01
6.610000	9.096344e-02
6.615000	5.704358e-02
6.620000	2.869803e-02
6.625000	5.378295e-03
6.630000	-2.176568e-02
6.635000	-5.700164e-02
6.640000	-7.832075e-02
6.645000	-9.859070e-02
6.650000	-1.273195e-01
6.655000	-1.524547e-01
6.660000	-1.800545e-01
6.665000	-1.968259e-01
6.670000	-1.983019e-01
6.675000	-2.011272e-01
6.680000	-1.994638e-01
6.685000	-1.940629e-01
6.690000	-1.833864e-01
6.695000	-1.671084e-01
6.700000	-1.430932e-01
6.705000	-1.159148e-01
6.710000	-8.959005e-02
6.715000	-4.705857e-02
6.720000	-3.362540e-03
6.725000	2.826530e-02
6.730000	6.250952e-02
6.735000	1.082170e-01
6.740000	1.459630e-01
6.745000	1.818733e-01
6.750000	2.020241e-01
6.755000	2.117751e-01
6.760000	2.109174e-01
6.765000	1.918610e-01
6.770000	1.564700e-01
6.775000	1.196203e-01
6.780000	9.510751e-02
6.785000	6.712238e-02
6.790000	3.625647e-02
6.795000	4.104662e-03
6.800000	-2.847885e-02
6.805000	-5.508723e-02
6.810000	-7.787636e-02
6.815000	-8.925129e-02
6.820000	-9.082766e-02
6.825000	-9.025979e-02
6.830000	-8.337056e-02
6.835000	-6.797189e-02
6.840000	-4.105899e-02
6.845000	-1.085588e-02
6.850000	1.697294e-02
6.855000	4.810894e-02
6.860000	8.392680e-02
6.865000	1.316061e-01
6.870000	1.801281e-01
6.875000	2.197320e-01
6.880000	2.594135e-01
6.885000	2.852085e-01
6.890000	2.963208e-01
6.895000	2.994203e-01
6.900000	2.913807e-01
6.905000	2.732105e-01
6.910000	2.556825e-01
6.915000	2.404147e-01
6.920000	2.225144e-01
6.925000	2.057781e-01
6.930000	1.944452e-01
6.935000	1.834430e-01
6.940000	1.727464e-01
6.945000	1.656679e-01
6.950000	1.561934e-01
6.955000	1.431557e-01
6.960000	1.281815e-01
6.965000	1.111685e-01
6.970000	9.638374e-02
6.975000	8.223227e-02
6.980000	7.165943e-02
6.985000	6.024668e-02
6.990000	4.657709e-02
6.995000	3.585774e-02
7.000000	2.515018e-02
7.005000	1.325578e-02
7.010000	5.168928e-03
7.015000	-1.856891e-03
7.020000	-1.303552e-02
7.025000	-2.477978e-02
7.030000	-3.408425e-02
7.035000	-3.984859e-02
7.040000	-4.459057e-02
7.045000	-5.084899e-02
7.050000	-5.747068e-02
7.055000	-6.473930e-02
7.060000	-7.297373e-02
7.065000	-8.077296e-02
7.070000	-8.875445e-02
7.075000	-9.836419e-02
7.080000	-1.078633e-01
7.085000	-1.202425e-01
7.090000	-1.314732e-01
7.095000	-1.381781e-01
7.100000	-1.372786e-01
7.105000	-1.255197e-01
7.110000	-1.069099e-01
7.115000	-8.561298e-02
7.120000	-6.401588e-02
7.125000	-3.674739e-02
7.130000	-6.210375e-03
7.135000	2.069587e-02
7.140000	4.395585e-02
7.145000	6.695366e-02
7.150000	8.984181e-02
7.155000	1.142102e-01
7.160000	1.251565e-01
7.165000	1.250800e-01
7.170000	1.194310e-01
7.175000	1.048938e-01
7.180000	7.803319e-02
7.185000	4.734731e-02
7.190000	2.183044e-02
7.195000	-4.392921e-03
7.200000	-2.253607e-02
7.205000	-4.762417e-02
7.210000	-7.282941e-02
7.215000	-9.062551e-02
7.220000	-1.114630e-01
7.225000	-1.341352e-01
7.230000	-1.509581e-01
7.235000	-1.665847e-01
7.240000	-1.870683e-01
7.245000	-2.025425e-01
7.250000	-2.152974e-01
7.255000	-2.252476e-01
7.260000	-2.296470e-01
7.265000	-2.273813e-01
7.270000	-2.142483e-01
7.275000	-1.913473e-01
7.280000	-1.651979e-01
7.285000	-1.396819e-01
7.290000	-1.116507e-01
7.295000	-8.465007e-02
7.300000	-6.776772e-02
7.305000	-3.882000e-02
7.310000	-8.407048e-03
7.315000	1.759594e-02
7.320000	4.308462e-02
7.325000	6.151048e-02
7.330000	8.084754e-02
7.335000	9.484624e-02
7.340000	9.859050e-02
7.345000	9.461958e-02
7.350000	8.255552e-02
7.355000	6.537500e-02
7.360000	3.881156e-02
7.365000	1.144555e-02
7.370000	-8.081915e-03
7.375000	-3.757751e-02
7.380000	-5.793288e-02
7.385000	-7.691018e-02
7.390000	-9.849302e-02
7.395000	-1.086741e-01
7.400000	-1.249563e-01
7.405000	-1.417809e-01
7.410000	-1.484431e-01
7.415000	-1.589178e-01
7.420000	-1.699845e-01
7.425000	-1.715343e-01
7.430000	-1.674075e-01
7.435000	-1.610763e-01
7.440000	-1.509064e-01
7.445000	-1.354819e-01
7.450000	-1.183574e-01
7.455000	-9.992152e-02
7.460000	-8.099888e-02
7.465000	-6.779819e-02
7.470000	-5.081116e-02
7.475000	-3.011474e-02
7.480000	-1.275435e-02
7.485000	8.168238e-03
7.490000	2.188669e-02
7.495000	3.283427e-02
7.500000	4.225088e-02
7.505000	4.212254e-02
7.510000	3.782339e-02
7.515000	3.193771e-02
7.520000	2.357502e-02
7.525000	1.064971e-02
7.530000	-6.063561e-03
7.535000	-2.212172e-02
7.540000	-3.784015e-02
7.545000	-4.949294e-02
7.550000	-6.210614e-02
7.555000	-6.999966e-02
7.560000	-7.158248e-02
7.565000	-6.948888e-02
7.570000	-6.303245e-02
7.575000	-5.342775e-02
7.580000	-3.568823e-02
7.585000	-1.080411e-02
7.590000	1.233088e-02
7.595000	3.877944e-02
7.600000	6.381674e-02
7.605000	8.943951e-02
7.610000	1.209151e-01
7.615000	1.384186e-01
7.620000	1.536769e-01
7.625000	1.658741e-01
7.630000	1.688246e-01
7.635000	1.654969e-01
7.640000	1.563876e-01
7.645000	1.413870e-01
7.650000	1.164830e-01
7.655000	9.065514e-02
7.660000	7.335353e-02
7.665000	5.859590e-02
7.670000	4.388182e-02
7.675000	2.635286e-02
7.680000	1.097563e-02
7.685000	2.442404e-03
7.690000	-6.727871e-03
7.695000	-1.552372e-02
7.700000	-2.107535e-02
7.705000	-2.377437e-02
7.710000	-1.963272e-02
7.715000	-9.009356e-03
7.720000	3.545631e-03
7.725000	1.835887e-02
7.730000	3.854687e-02
7.735000	6.015657e-02
7.740000	8.522532e-02
7.745000	1.143981e-01
7.750000	1.355539e-01
7.755000	1.475733e-01
7.760000	1.547653e-01
7.765000	1.503401e-01
7.770000	1.321190e-01
7.775000	1.098523e-01
7.780000	9.405663e-02
7.785000	7.793945e-02
7.790000	5.713209e-02
7.795000	3.370155e-02
7.800000	9.044616e-03
7.805000	-8.941292e-03
7.810000	-2.795971e-02
7.815000	-4.990709e-02
7.820000	-6.612760e-02
7.825000	-7.997411e-02
7.830000	-9.066618e-02
7.835000	-1.000218e-01
7.840000	-1.071393e-01
7.845000	-1.027125e-01
7.850000	-8.609853e-02
7.855000	-6.253171e-02
7.860000	-4.149457e-02
7.865000	-1.802311e-02
7.870000	1.547728e-02
7.875000	5.016180e-02
7.880000	8.089984e-02
7.885000	1.111820e-01
7.890000	1.446565e-01
7.895000	1.837947e-01
7.900000	2.143821e-01
7.905000	2.353961e-01
7.910000	2.553972e-01
7.915000	2.667829e-01
7.920000	2.726742e-01
7.925000	2.791108e-01
7.930000	2.838642e-01
7.935000	2.860925e-01
7.940000	2.865273e-01
7.945000	2.873987e-01
7.950000	2.890297e-01
7.955000	2.868465e-01
7.960000	2.779458e-01
7.965000	2.625841e-01
7.970000	2.431425e-01
7.975000	2.170446e-01
7.980000	1.820718e-01
7.985000	1.586010e-01
7.990000	1.409196e-01
7.995000	1.097521e-01
8.000000	8.479178e-02
8.005000	6.078489e-02
8.010000	3.684773e-02
8.015000	1.135602e-02
8.020000	-2.437741e-02
8.025000	-5.286889e-02
8.030000	-8.332243e-02
8.035000	-1.205436e-01
8.040000	-1.448669e-01
8.045000	-1.724298e-01
8.050000	-2.024690e-01
8.055000	-2.210138e-01
8.060000	-2.407129e-01
8.065000	-2.516135e-01
8.070000	-2.594276e-01
8.075000	-2.673856e-01
8.080000	-2.696799e-01
8.085000	-2.678172e-01
8.090000	-2.621092e-01
8.095000	-2.521636e-01
8.100000	-2.334790e-01
8.105000	-2.133125e-01
8.110000	-1.990844e-01
8.115000	-1.837546e-01
8.120000	-1.687196e-01
8.125000	-1.526197e-01
8.130000	-1.372952e-01
8.135000	-1.286777e-01
8.140000	-1.222900e-01
8.145000	-1.219126e-01
8.150000	-1.286607e-01
8.155000	-1.352145e-01
8.160000	-1.381925e-01
8.165000	-1.360923e-01
8.170000	-1.294085e-01
8.175000	-1.225736e-01
8.180000	-1.123528e-01
8.185000	-9.300310e-02
8.190000	-7.222521e-02
8.195000	-4.357466e-02
8.200000	-9.844066e-03
8.205000	2.239267e-02
8.210000	7.098527e-02
8.215000	1.217030e-01
8.220000	1.476039e-01
8.225000	1.838920e-01
8.230000	2.327897e-01
8.235000	2.629671e-01
8.240000	2.847793e-01
8.245000	2.847540e-01
8.250000	2.856889e-01
8.255000	2.819379e-01
8.260000	2.679328e-01
8.265000	2.465311e-01
8.270000	2.236042e-01
8.275000	2.095027e-01
8.280000	1.946330e-01
8.285000	1.765008e-01
8.290000	1.638927e-01
8.295000	1.492682e-01
8.300000	1.364234e-01
8.305000	1.197910e-01
8.310000	9.497716e-02
8.315000	7.328470e-02
8.320000	4.814941e-02
8.325000	1.599242e-02
8.330000	-3.947870e-03
8.335000	-2.070692e-02
8.340000	-4.978354e-02
8.345000	-6.904788e-02
8.350000	-8.718150e-02
8.355000	-1.034486e-01
8.360000	-1.194174e-01
8.365000	-1.400696e-01
8.370000	-1.485278e-01
8.375000	-1.535367e-01
8.380000	-1.590820e-01
8.385000	-1.504552e-01
8.390000	-1.310905e-01
8.395000	-1.042695e-01
8.400000	-8.120722e-02
8.405000	-5.505373e-02
8.410000	-3.719247e-02
8.415000	-4.569934e-03
8.420000	3.099778e-02
8.425000	5.436002e-02
8.430000	8.471366e-02
8.435000	1.121451e-01
8.440000	1.207807e-01
8.445000	1.127411e-01
8.450000	8.865435e-02
8.455000	5.561085e-02
8.460000	2.268290e-02
8.465000	-2.760096e-03
8.470000	-2.826611e-02
8.475000	-6.987170e-02
8.480000	-9.579438e-02
8.485000	-1.212870e-01
8.490000	-1.569720e-01
8.495000	-1.753313e-01
8.500000	-1.980851e-01
8.505000	-2.204588e-01
8.510000	-2.315588e-01
8.515000	-2.458744e-01
8.520000	-2.530585e-01
8.525000	-2.578719e-01
8.530000	-2.578585e-01
8.535000	-2.454727e-01
8.540000	-2.210130e-01
8.545000	-1.890500e-01
8.550000	-1.666091e-01
8.555000	-1.329030e-01
8.560000	-1.016545e-01
8.565000	-7.953816e-02
8.570000	-4.424130e-02
8.575000	2.617248e-03
8.580000	3.904831e-02
8.585000	6.879116e-02
8.590000	1.038177e-01
8.595000	1.417358e-01
8.600000	1.835634e-01
8.605000	1.936381e-01
8.610000	1.971089e-01
8.615000	1.833262e-01
8.620000	1.550348e-01
8.625000	1.183031e-01
8.630000	6.985372e-02
8.635000	3.192355e-02
8.640000	-3.940905e-03
8.645000	-3.538139e-02
8.650000	-7.196750e-02
8.655000	-1.016211e-01
8.660000	-1.228822e-01
8.665000	-1.477238e-01
8.670000	-1.696054e-01
8.675000	-1.833639e-01
8.680000	-1.996823e-01
8.685000	-2.171212e-01
8.690000	-2.265173e-01
8.695000	-2.304384e-01
8.700000	-2.285672e-01
8.705000	-2.234333e-01
8.710000	-2.133695e-01
8.715000	-2.005741e-01
8.720000	-1.810553e-01
8.725000	-1.545284e-01
8.730000	-1.370955e-01
8.735000	-1.080576e-01
8.740000	-7.241170e-02
8.745000	-4.487628e-02
8.750000	-1.014340e-02
8.755000	1.063631e-02
8.760000	3.853230e-02
8.765000	7.549668e-02
8.770000	1.006089e-01
8.775000	1.272575e-01
8.780000	1.507955e-01
8.785000	1.657960e-01
8.790000	1.726151e-01
8.795000	1.719663e-01
8.800000	1.632087e-01
8.805000	1.507292e-01
8.810000	1.377923e-01
8.815000	1.236343e-01
8.820000	1.081038e-01
8.825000	1.017810e-01
8.830000	9.783550e-02
8.835000	9.235464e-02
8.840000	8.988522e-02
8.845000	8.940853e-02
8.850000	8.804835e-02
8.855000	8.560940e-02
8.860000	8.003687e-02
8.865000	6.939074e-02
8.870000	5.675808e-02
8.875000	4.302856e-02
8.880000	3.362603e-02
8.885000	1.944583e-02
8.890000	2.352352e-03
8.895000	-1.041572e-02
8.900000	-2.353219e-02
8.905000	-3.806167e-02
8.910000	-4.764961e-02
8.915000	-5.897868e-02
8.920000	-7.108406e-02
8.925000	-8.084443e-02
8.930000	-8.875974e-02
8.935000	-9.210294e-02
8.940000	-9.799758e-02
8.945000	-1.040794e-01
8.950000	-1.068990e-01
8.955000	-1.082440e-01
8.960000	-1.074269e-01
8.965000	-1.044473e-01
8.970000	-1.006746e-01
8.975000	-9.496687e-02
8.980000	-8.538259e-02
8.985000	-7.257017e-02
8.990000	-5.873718e-02
8.995000	-4.488323e-02
9.000000	-2.998555e-02
9.005000	-1.910371e-02
9.010000	-1.373405e-02
9.015000	-1.144183e-02
9.020000	-1.642242e-02
9.025000	-2.886853e-02
9.030000	-4.762676e-02
9.035000	-6.461772e-02
9.040000	-8.167919e-02
9.045000	-9.612595e-02
9.050000	-1.063369e-01
9.055000	-1.165781e-01
9.060000	-1.250709e-01
9.065000	-1.322415e-01
9.070000	-1.381594e-01
9.075000	-1.417549e-01
9.080000	-1.422224e-01
9.085000	-1.369257e-01
9.090000	-1.267980e-01
9.095000	-1.117833e-01
9.100000	-9.496773e-02
9.105000	-7.784137e-02
9.110000	-6.124428e-02
9.115000	-4.570182e-02
9.120000	-2.784534e-02
9.125000	-4.353117e-03
9.130000	1.931681e-02
9.135000	4.045351e-02
9.140000	6.636124e-02
9.145000	8.631737e-02
9.150000	1.016542e-01
9.155000	1.170627e-01
9.160000	1.271057e-01
9.165000	1.274485e-01
9.170000	1.195721e-01
9.175000	1.070684e-01
9.180000	9.179209e-02
9.185000	7.787382e-02
9.190000	6.565507e-02
9.195000	4.977890e-02
9.200000	3.665696e-02
9.205000	2.797446e-02
9.210000	1.838794e-02
9.215000	9.132905e-03
9.220000	2.089193e-03
9.225000	-2.180848e-03
9.230000	-4.983852e-04
9.235000	5.599600e-03
9.240000	1.416928e-02
9.245000	2.340916e-02
9.250000	3.450060e-02
9.255000	4.756312e-02
9.260000	6.139089e-02
9.265000	7.814621e-02
9.270000	9.457666e-02
9.275000	1.082155e-01
9.280000	1.209157e-01
9.285000	1.293840e-01
9.290000	1.368401e-01
9.295000	1.440189e-01
9.300000	1.509368e-01
9.305000	1.591144e-01
9.310000	1.661395e-01
9.315000	1.719128e-01
9.320000	1.795998e-01
9.325000	1.880137e-01
9.330000	1.956532e-01
9.335000	2.019247e-01
9.340000	2.067256e-01
9.345000	2.127683e-01
9.350000	2.162113e-01
9.355000	2.147872e-01
9.360000	2.095729e-01
9.365000	2.027095e-01
9.370000	1.944347e-01
9.375000	1.827942e-01
9.380000	1.703937e-01
9.385000	1.598894e-01
9.390000	1.508960e-01
9.395000	1.423803e-01
9.400000	1.318301e-01
9.405000	1.211637e-01
9.410000	1.114802e-01
9.415000	9.797220e-02
9.420000	8.364613e-02
9.425000	7.324760e-02
9.430000	5.770704e-02
9.435000	4.154894e-02
9.440000	2.646606e-02
9.445000	1.364193e-02
9.450000	3.229660e-03
9.455000	-1.040876e-02
9.460000	-2.007009e-02
9.465000	-2.853504e-02
9.470000	-3.978201e-02
9.475000	-5.051659e-02
9.480000	-5.693614e-02
9.485000	-6.132540e-02
9.490000	-6.385511e-02
9.495000	-6.183993e-02
9.500000	-5.665178e-02
9.505000	-4.791955e-02
9.510000	-3.948055e-02
9.515000	-2.760895e-02
9.520000	-1.497689e-02
9.525000	-5.732827e-04
9.530000	1.426879e-02
9.535000	2.547711e-02
9.540000	3.806739e-02
9.545000	4.655162e-02
9.550000	4.529705e-02
9.555000	3.991518e-02
9.560000	2.888057e-02
9.565000	1.781517e-02
9.570000	5.198847e-03
9.575000	-8.823872e-03
9.580000	-2.762683e-02
9.585000	-4.259379e-02
9.590000	-5.198706e-02
9.595000	-6.259696e-02
9.600000	-7.070102e-02
9.605000	-7.647272e-02
9.610000	-8.607952e-02
9.615000	-1.029046e-01
9.620000	-1.185810e-01
9.625000	-1.287269e-01
9.630000	-1.366484e-01
9.635000	-1.495649e-01
9.640000	-1.605821e-01
9.645000	-1.662588e-01
9.650000	-1.709410e-01
9.655000	-1.774316e-01
9.660000	-1.792522e-01
9.665000	-1.789271e-01
9.670000	-1.771151e-01
9.675000	-1.726988e-01
9.680000	-1.639815e-01
9.685000	-1.559976e-01
9.690000	-1.469666e-01
9.695000	-1.332110e-01
9.700000	-1.260182e-01
9.705000	-1.184791e-01
9.710000	-1.103063e-01
9.715000	-1.041619e-01
9.720000	-9.960892e-02
9.725000	-1.011196e-01
9.730000	-1.073805e-01
9.735000	-1.113117e-01
9.740000	-1.123233e-01
9.745000	-1.178193e-01
9.750000	-1.259239e-01
9.755000	-1.275559e-01
9.760000	-1.281160e-01
9.765000	-1.262254e-01
9.770000	-1.209893e-01
9.775000	-1.130642e-01
9.780000	-1.028101e-01
9.785000	-9.041084e-02
9.790000	-6.946753e-02
9.795000	-4.365594e-02
9.800000	-2.069280e-02
9.805000	1.254892e-02
9.810000	4.238552e-02
9.815000	8.295538e-02
9.820000	1.300841e-01
9.825000	1.605732e-01
9.830000	2.062585e-01
9.835000	2.456610e-01
9.840000	2.641858e-01
9.845000	2.752565e-01
9.850000	2.814222e-01
9.855000	2.795903e-01
9.860000	2.672920e-01
9.865000	2.555593e-01
9.870000	2.447088e-01
9.875000	2.315249e-01
9.880000	2.246653e-01
9.885000	2.133299e-01
9.890000	1.992814e-01
9.895000	1.890112e-01
9.900000	1.764888e-01
9.905000	1.635804e-01
9.910000	1.534933e-01
9.915000	1.404467e-01
9.920000	1.259804e-01
9.925000	1.073628e-01
9.930000	8.786873e-02
9.935000	7.524936e-02
9.940000	5.606110e-02
9.945000	3.144802e-02
9.950000	7.024947e-03
9.955000	-2.907869e-02
9.960000	-6.564320e-02
9.965000	-9.469158e-02
9.970000	-1.291816e-01
9.975000	-1.574884e-01
9.980000	-1.941882e-01
9.985000	-2.305604e-01
9.990000	-2.522118e-01
9.995000	-2.760466e-01
10.000000	-2.974661e-01
10.005000	-3.100343e-01
10.010000	-3.170224e-01
10.015000	-3.151631e-01
10.020000	-3.110401e-01
10.025000	-3.023510e-01
10.030000	-2.760487e-01
10.035000	-2.423813e-01
10.040000	-2.056813e-01
10.045000	-1.802675e-01
10.050000	-1.571051e-01
10.055000	-1.245093e-01
10.060000	-1.029163e-01
10.065000	-8.273277e-02
10.070000	-6.092582e-02
10.075000	-4.418225e-02
10.080000	-2.408931e-02
10.085000	-9.062088e-03
10.090000	-1.372386e-03
10.095000	7.317837e-03
10.100000	1.574318e-02
10.105000	2.741403e-02
10.110000	3.828665e-02
10.115000	4.164180e-02
10.120000	4.171810e-02
10.125000	4.199498e-02
10.130000	4.292055e-02
10.135000	4.118724e-02
10.140000	3.552538e-02
10.145000	3.134007e-02
10.150000	2.770824e-02
10.155000	2.533975e-02
10.160000	2.115871e-02
10.165000	1.423768e-02
10.170000	9.266116e-03
10.175000	7.148153e-03
10.180000	4.957215e-03
10.185000	2.858364e-03
10.190000	1.522431e-03
10.195000	-8.502365e-04
10.200000	-8.479654e-04
10.205000	7.956214e-04
10.210000	3.596559e-03
10.215000	6.127713e-03
10.220000	9.569387e-03
10.225000	1.233953e-02
10.230000	1.594599e-02
10.235000	2.161018e-02
10.240000	2.798431e-02
10.245000	3.754906e-02
10.250000	4.899511e-02
10.255000	5.893195e-02
10.260000	6.844407e-02
10.265000	7.661896e-02
10.270000	8.389448e-02
10.275000	9.212388e-02
10.280000	9.709502e-02
10.285000	9.986302e-02
10.290000	1.036494e-01
10.295000	1.056283e-01
10.300000	1.047682e-01
10.305000	1.017331e-01
10.310000	9.667231e-02
10.315000	8.946204e-02
10.320000	8.325013e-02
10.325000	7.730906e-02
10.330000	6.973152e-02
10.335000	6.350142e-02
10.340000	5.809655e-02
10.345000	5.129548e-02
10.350000	4.345191e-02
10.355000	3.619534e-02
10.360000	2.747856e-02
10.365000	1.712760e-02
10.370000	7.908834e-03
10.375000	2.111250e-03
10.380000	-4.854336e-03
10.385000	-1.605040e-02
10.390000	-2.545498e-02
10.395000	-3.268123e-02
10.400000	-4.156554e-02
10.405000	-4.838601e-02
10.410000	-5.440472e-02
10.415000	-6.273522e-02
10.420000	-6.995041e-02
10.425000	-7.474618e-02
10.430000	-7.581432e-02
10.435000	-7.188487e-02
10.440000	-6.495068e-02
10.445000	-5.540173e-02
10.450000	-4.209783e-02
10.455000	-2.724006e-02
10.460000	-1.551034e-02
10.465000	-2.959327e-03
10.470000	1.368330e-02
10.475000	2.742819e-02
10.480000	3.761865e-02
10.485000	5.084782e-02
10.490000	6.331079e-02
10.495000	6.962464e-02
10.500000	6.871732e-02
10.505000	6.289633e-02
10.510000	5.543440e-02
10.515000	4.659426e-02
10.520000	3.385411e-02
10.525000	1.768923e-02
10.530000	4.688694e-03
10.535000	-4.982224e-03
10.540000	-1.575750e-02
10.545000	-2.648034e-02
10.550000	-3.667556e-02
10.555000	-4.581142e-02
10.560000	-5.305539e-02
10.565000	-6.015716e-02
10.570000	-6.451481e-02
10.575000	-6.735907e-02
10.580000	-7.216842e-02
10.585000	-7.492988e-02
10.590000	-7.306487e-02
10.595000	-6.722762e-02
10.600000	-5.574509e-02
10.605000	-4.111519e-02
10.610000	-2.813293e-02
10.615000	-1.647439e-02
10.620000	3.779901e-04
10.625000	1.714773e-02
10.630000	3.120889e-02
10.635000	5.031437e-02
10.640000	6.863702e-02
10.645000	7.944835e-02
10.650000	8.919356e-02
10.655000	9.570046e-02
10.660000	9.508370e-02
10.665000	8.968353e-02
10.670000	8.184590e-02
10.675000	7.133038e-02
10.680000	5.943128e-02
10.685000	4.731323e-02
10.690000	3.372048e-02
10.695000	2.338842e-02
10.700000	1.321355e-02
10.705000	4.883423e-04
10.710000	-1.010241e-02
10.715000	-1.794420e-02
10.720000	-2.732470e-02
10.725000	-3.933800e-02
10.730000	-4.894492e-02
10.735000	-5.452887e-02
10.740000	-5.698006e-02
10.745000	-6.037766e-02
10.750000	-6.395126e-02
10.755000	-6.729182e-02
10.760000	-7.074473e-02
10.765000	-7.501747e-02
10.770000	-8.008472e-02
10.775000	-8.496252e-02
10.780000	-8.904448e-02
10.785000	-9.296654e-02
10.790000	-9.760079e-02
10.795000	-1.026509e-01
10.800000	-1.085220e-01
10.805000	-1.130766e-01
10.810000	-1.169187e-01
10.815000	-1.182561e-01
10.820000	-1.136831e-01
10.825000	-1.041365e-01
10.830000	-8.983008e-02
10.835000	-7.283325e-02
10.840000	-5.393862e-02
10.845000	-3.494119e-02
10.850000	-1.517988e-02
10.855000	1.197420e-02
10.860000	4.020596e-02
10.865000	6.446211e-02
10.870000	9.319003e-02
10.875000	1.210783e-01
10.880000	1.377396e-01
10.885000	1.497766e-01
10.890000	1.530946e-01
10.895000	1.452330e-01
10.900000	1.302280e-01
10.905000	1.071921e-01
10.910000	7.929660e-02
10.915000	5.895747e-02
10.920000	4.432826e-02
10.925000	2.674409e-02
10.930000	1.104615e-02
10.935000	-5.150807e-03
10.940000	-2.455278e-02
10.945000	-3.942073e-02
10.950000	-4.698244e-02
10.955000	-5.249766e-02
10.960000	-5.819400e-02
10.965000	-6.580090e-02
10.970000	-7.053396e-02
10.975000	-6.928180e-02
10.980000	-6.385251e-02
10.985000	-5.787455e-02
10.990000	-5.120427e-02
10.995000	-4.163748e-02
11.000000	-3.281582e-02
11.005000	-2.502896e-02
11.010000	-1.527867e-02
11.015000	-7.783484e-03
11.020000	-3.373984e-03
11.025000	4.051334e-03
11.030000	8.979682e-03
11.035000	1.472667e-02
11.040000	2.303859e-02
11.045000	2.874666e-02
11.050000	3.633453e-02
11.055000	4.604404e-02
11.060000	5.474554e-02
11.065000	6.309276e-02
11.070000	7.232762e-02
11.075000	8.279762e-02
11.080000	9.318302e-02
11.085000	1.018942e-01
11.090000	1.124066e-01
11.095000	1.222162e-01
11.100000	1.275149e-01
11.105000	1.322502e-01
11.110000	1.366430e-01
11.115000	1.329131e-01
11.120000	1.271638e-01
11.125000	1.206008e-01
11.130000	1.120015e-01
11.135000	1.026414e-01
11.140000	9.647724e-02
11.145000	8.924783e-02
11.150000	8.168723e-02
11.155000	7.558110e-02
11.160000	6.838254e-02
11.165000	6.251384e-02
11.170000	5.916048e-02
11.175000	5.269541e-02
11.180000	4.552210e-02
11.185000	3.815971e-02
11.190000	3.099286e-02
11.195000	2.521201e-02
11.200000	1.670245e-02
11.205000	7.701869e-03
11.210000	1.871124e-03
11.215000	-5.508505e-03
11.220000	-1.596628e-02
11.225000	-2.523655e-02
11.230000	-3.297904e-02
11.235000	-3.868605e-02
11.240000	-4.096291e-02
11.245000	-4.322776e-02
11.250000	-4.553129e-02
11.255000	-4.878570e-02
11.260000	-5.050087e-02
11.265000	-5.181660e-02
11.270000	-5.303981e-02
11.275000	-5.181679e-02
11.280000	-4.917497e-02
11.285000	-4.587727e-02
11.290000	-4.324861e-02
11.295000	-4.075322e-02
11.300000	-3.856883e-02
11.305000	-3.719479e-02
11.310000	-3.629876e-02
11.315000	-3.695415e-02
11.320000	-3.994786e-02
11.325000	-4.347680e-02
11.330000	-4.716620e-02
11.335000	-4.985056e-02
11.340000	-5.495751e-02
11.345000	-6.111975e-02
11.350000	-6.466361e-02
11.355000	-6.350338e-02
11.360000	-5.668702e-02
11.365000	-4.817640e-02
11.370000	-4.078480e-02
11.375000	-3.152303e-02
11.380000	-1.813168e-02
11.385000	-4.236066e-03
11.390000	9.754837e-03
11.395000	2.564897e-02
11.400000	4.040072e-02
11.405000	5.628784e-02
11.410000	7.825569e-02
11.415000	9.704059e-02
11.420000	1.073393e-01
11.425000	1.140102e-01
11.430000	1.166831e-01
11.435000	1.143351e-01
11.440000	1.044215e-01
11.445000	8.888129e-02
11.450000	7.069803e-02
11.455000	5.771222e-02
11.460000	4.637427e-02
11.465000	3.305960e-02
11.470000	2.130321e-02
11.475000	9.572406e-03
11.480000	9.918621e-04
11.485000	-6.359208e-03
11.490000	-1.549497e-02
11.495000	-2.323253e-02
11.500000	-3.068953e-02
11.505000	-3.765004e-02
11.510000	-4.095844e-02
11.515000	-4.414478e-02
11.520000	-4.860578e-02
11.525000	-5.036617e-02
11.530000	-5.151201e-02
11.535000	-5.317172e-02
11.540000	-5.502647e-02
11.545000	-5.579883e-02
11.550000	-5.553634e-02
11.555000	-5.450321e-02
11.560000	-5.084158e-02
11.565000	-4.579816e-02
11.570000	-4.099846e-02
11.575000	-3.377123e-02
11.580000	-2.520028e-02
11.585000	-1.663155e-02
11.590000	-1.012505e-02
11.595000	-2.187454e-03
11.600000	9.907677e-03
11.605000	1.781530e-02
11.610000	2.286102e-02
11.615000	2.647662e-02
11.620000	2.904551e-02
11.625000	3.182804e-02
11.630000	3.658292e-02
11.635000	3.664773e-02
11.640000	3.440864e-02
11.645000	3.108410e-02
11.650000	2.727427e-02
11.655000	2.298179e-02
11.660000	1.915718e-02
11.665000	1.318610e-02
11.670000	6.989091e-03
11.675000	2.470081e-03
11.680000	-1.227688e-03
11.685000	-5.963618e-03
11.690000	-9.031873e-03
11.695000	-1.180568e-02
11.700000	-1.537101e-02
11.705000	-1.848896e-02
11.710000	-2.004786e-02
11.715000	-1.959391e-02
11.720000	-1.991109e-02
11.725000	-2.055724e-02
11.730000	-1.933895e-02
11.735000	-1.475160e-02
11.740000	-9.868154e-03
11.745000	-6.323473e-03
11.750000	4.402341e-04
11.755000	8.988233e-03
11.760000	1.557318e-02
11.765000	2.244995e-02
11.770000	2.819033e-02
11.775000	3.540674e-02
11.780000	4.366468e-02
11.785000	4.800956e-02
11.790000	5.011016e-02
11.795000	5.307044e-02
11.800000	5.407282e-02
11.805000	4.940830e-02
11.810000	3.839113e-02
11.815000	2.523588e-02
11.820000	1.173890e-02
11.825000	4.641300e-03
11.830000	-5.032942e-03
11.835000	-1.370959e-02
11.840000	-2.139912e-02
11.845000	-2.885657e-02
11.850000	-3.696129e-02
11.855000	-4.111875e-02
11.860000	-4.408167e-02
11.865000	-4.834998e-02
11.870000	-4.918378e-02
11.875000	-5.155309e-02
11.880000	-4.950215e-02
11.885000	-4.390008e-02
11.890000	-3.789445e-02
11.895000	-3.215897e-02
11.900000	-2.365605e-02
11.905000	-1.342770e-02
11.910000	-9.163088e-03
11.915000	-4.261932e-03
11.920000	-2.805564e-04
11.925000	-5.766561e-04
11.930000	-2.265452e-03
11.935000	-1.085266e-02
11.940000	-2.086736e-02
11.945000	-3.110294e-02
11.950000	-3.921621e-02
11.955000	-4.918812e-02
11.960000	-5.868881e-02
11.965000	-6.550242e-02
11.970000	-7.232031e-02
11.975000	-8.086187e-02
11.980000	-8.571133e-02
11.985000	-8.764777e-02
11.990000	-8.606592e-02
11.995000	-7.627351e-02
12.000000	-6.511874e-02
12.005000	-5.264226e-02
12.010000	-3.817134e-02
12.015000	-2.178620e-02
12.020000	-9.602125e-03
12.025000	6.139277e-03
12.030000	2.119078e-02
12.035000	3.228049e-02
12.040000	4.509230e-02
12.045000	5.527676e-02
12.050000	5.936670e-02
12.055000	6.269217e-02
12.060000	6.134871e-02
12.065000	5.447642e-02
12.070000	4.648959e-02
12.075000	3.839881e-02
12.080000	2.893150e-02
12.085000	2.102281e-02
12.090000	1.635690e-02
12.095000	9.269018e-03
12.100000	2.462098e-03
12.105000	-1.807376e-03
12.110000	-8.163647e-03
12.115000	-1.417426e-02
12.120000	-2.188510e-02
12.125000	-2.865460e-02
12.130000	-3.191486e-02
12.135000	-3.637403e-02
12.140000	-4.109519e-02
12.145000	-4.613097e-02
12.150000	-5.486318e-02
12.155000	-6.440844e-02
12.160000	-7.254092e-02
12.165000	-7.994279e-02
12.170000	-8.469963e-02
12.175000	-9.022216e-02
12.180000	-9.490926e-02
12.185000	-9.785223e-02
12.190000	-1.003302e-01
12.195000	-9.961614e-02
12.200000	-9.518182e-02
12.205000	-9.046525e-02
12.210000	-8.224349e-02
12.215000	-6.888386e-02
12.220000	-5.617364e-02
12.225000	-4.847797e-02
12.230000	-3.979254e-02
12.235000	-2.919414e-02
12.240000	-1.731131e-02
12.245000	-3.169971e-03
12.250000	7.817662e-03
12.255000	1.505480e-02
12.260000	2.408719e-02
12.265000	3.238549e-02
12.270000	3.893236e-02
12.275000	4.696404e-02
12.280000	5.557441e-02
12.285000	6.243974e-02
12.290000	6.837145e-02
12.295000	7.340094e-02
12.300000	7.733424e-02
12.305000	8.053715e-02
12.310000	8.322348e-02
12.315000	8.506369e-02
12.320000	8.704999e-02
12.325000	8.834131e-02
12.330000	8.691798e-02
12.335000	8.126637e-02
12.340000	7.403854e-02
12.345000	6.734727e-02
12.350000	6.206657e-02
12.355000	5.509678e-02
12.360000	4.795763e-02
12.365000	4.151403e-02
12.370000	3.370912e-02
12.375000	2.790397e-02
12.380000	2.587277e-02
12.385000	2.300202e-02
12.390000	1.857433e-02
12.395000	1.605715e-02
12.400000	1.494551e-02
12.405000	1.369074e-02
12.410000	1.247510e-02
12.415000	1.257241e-02
12.420000	1.255677e-02
12.425000	1.349315e-02
12.430000	1.630170e-02
12.435000	1.849937e-02
12.440000	1.937452e-02
12.445000	2.180899e-02
12.450000	2.426719e-02
12.455000	2.418754e-02
12.460000	2.383672e-02
12.465000	2.418008e-02
12.470000	2.350294e-02
12.475000	2.063706e-02
12.480000	1.742014e-02
12.485000	1.464193e-02
12.490000	1.103570e-02
12.495000	6.646061e-03
12.500000	3.729058e-03
12.505000	6.380079e-04
12.510000	-1.850851e-03
12.515000	-2.808384e-03
12.520000	-4.493909e-03
12.525000	-5.188008e-03
12.530000	-4.829295e-03
12.535000	-4.932476e-03
12.540000	-5.158952e-03
12.545000	-5.276380e-03
12.550000	-5.280664e-03
12.555000	-5.269168e-03
12.560000	-5.216556e-03
12.565000	-5.168449e-03
12.570000	-5.188458e-03
12.575000	-5.428091e-03
12.580000	-5.587827e-03
12.585000	-4.674126e-03
12.590000	-1.650880e-03
12.595000	2.180422e-03
12.600000	6.453177e-03
12.605000	1.082521e-02
12.610000	1.394845e-02
12.615000	1.945084e-02
12.620000	2.688834e-02
12.625000	3.399300e-02
12.630000	4.123602e-02
12.635000	4.737805e-02
12.640000	5.608402e-02
12.645000	6.653298e-02
12.650000	7.428269e-02
12.655000	8.030027e-02
12.660000	8.674737e-02
12.665000	9.066451e-02
12.670000	9.561469e-02
12.675000	9.930334e-02
12.680000	1.011395e-01
12.685000	9.984595e-02
12.690000	9.489737e-02
12.695000	8.716168e-02
12.700000	7.837962e-02
12.705000	7.142495e-02
12.710000	6.553331e-02
12.715000	5.819821e-02
12.720000	5.203139e-02
12.725000	4.489999e-02
12.730000	3.632228e-02
12.735000	3.015797e-02
12.740000	2.512543e-02
12.745000	2.110894e-02
12.750000	1.425510e-02
12.755000	5.703243e-03
12.760000	1.829045e-04
12.765000	-8.849031e-03
12.770000	-2.139196e-02
12.775000	-2.950097e-02
12.780000	-4.133046e-02
12.785000	-5.274469e-02
12.790000	-6.311436e-02
12.795000	-7.434745e-02
12.800000	-7.969497e-02
12.805000	-9.054366e-02
12.810000	-1.022373e-01
12.815000	-1.085437e-01
12.820000	-1.147162e-01
12.825000	-1.188987e-01
12.830000	-1.197626e-01
12.835000	-1.189339e-01
12.840000	-1.170631e-01
12.845000	-1.127246e-01
12.850000	-1.082085e-01
12.855000	-1.036834e-01
12.860000	-9.573777e-02
12.865000	-8.890625e-02
12.870000	-8.530265e-02
12.875000	-7.939507e-02
12.880000	-7.106457e-02
12.885000	-6.736326e-02
12.890000	-6.514092e-02
12.895000	-6.198836e-02
12.900000	-5.968309e-02
12.905000	-5.685110e-02
12.910000	-5.490049e-02
12.915000	-5.205062e-02
12.920000	-4.638165e-02
12.925000	-4.200746e-02
12.930000	-3.596414e-02
12.935000	-2.941600e-02
12.940000	-2.202285e-02
12.945000	-1.332912e-02
12.950000	-5.178350e-03
12.955000	8.925818e-04
12.960000	7.412145e-03
12.965000	1.303709e-02
12.970000	1.705569e-02
12.975000	2.055844e-02
12.980000	2.077774e-02
12.985000	1.972320e-02
12.990000	1.850005e-02
12.995000	1.653492e-02
13.000000	1.302019e-02
13.005000	8.724811e-03
13.010000	6.395070e-03
13.015000	3.750287e-03
13.020000	1.195037e-03
13.025000	3.071594e-04
13.030000	8.286455e-04
13.035000	2.748320e-03
13.040000	7.239755e-03
13.045000	1.087583e-02
13.050000	1.400668e-02
13.055000	1.852864e-02
13.060000	2.096863e-02
13.065000	2.162334e-02
13.070000	2.347466e-02
13.075000	2.364484e-02
13.080000	2.048756e-02
13.085000	1.586540e-02
13.090000	9.721795e-03
13.095000	3.844317e-03
13.100000	4.023549e-04
13.105000	-3.767787e-03
13.110000	-1.170423e-02
13.115000	-1.899746e-02
13.120000	-2.503568e-02
13.125000	-3.169360e-02
13.130000	-3.713919e-02
13.135000	-4.329253e-02
13.140000	-4.793320e-02
13.145000	-5.136212e-02
13.150000	-5.545969e-02
13.155000	-5.610863e-02
13.160000	-5.592111e-02
13.165000	-5.285223e-02
13.170000	-4.739544e-02
13.175000	-4.252298e-02
13.180000	-3.526927e-02
13.185000	-2.949922e-02
13.190000	-2.283773e-02
13.195000	-1.438793e-02
13.200000	-8.709488e-03
13.205000	-5.551127e-03
13.210000	-4.537194e-03
13.215000	-2.208555e-03
13.220000	6.110009e-04
13.225000	3.813614e-04
13.230000	-1.370437e-03
13.235000	-3.509002e-03
13.240000	-4.177665e-03
13.245000	-7.127609e-03
13.250000	-8.688650e-03
13.255000	-9.476492e-03
13.260000	-1.337067e-02
13.265000	-1.496098e-02
13.270000	-1.372207e-02
13.275000	-1.366506e-02
13.280000	-1.396091e-02
13.285000	-1.303958e-02
13.290000	-1.114641e-02
13.295000	-9.983299e-03
13.300000	-4.711791e-03
13.305000	7.378615e-04
13.310000	2.375076e-03
13.315000	4.886883e-03
13.320000	8.018847e-03
13.325000	1.147969e-02
13.330000	1.295643e-02
13.335000	1.334642e-02
13.340000	1.342731e-02
13.345000	1.108090e-02
13.350000	9.920649e-03
13.355000	6.988531e-03
13.360000	3.373479e-03
13.365000	-1.061336e-03
13.370000	-5.589953e-03
13.375000	-7.631790e-03
13.380000	-9.918007e-03
13.385000	-1.178581e-02
13.390000	-1.262176e-02
13.395000	-1.264478e-02
13.400000	-9.800953e-03
13.405000	-7.972049e-03
13.410000	-5.908484e-03
13.415000	-4.405070e-03
13.420000	-2.105037e-03
13.425000	4.567377e-04
13.430000	9.489261e-04
13.435000	2.389877e-03
13.440000	3.447481e-03
13.445000	2.912616e-03
13.450000	3.583187e-03
13.455000	5.712819e-03
13.460000	7.206729e-03
13.465000	7.808062e-03
13.470000	8.854779e-03
13.475000	9.143829e-03
13.480000	9.499197e-03
13.485000	1.141649e-02
13.490000	1.318998e-02
13.495000	1.464513e-02
13.500000	1.716787e-02
13.505000	2.059318e-02
13.510000	2.219089e-02
13.515000	2.402064e-02
13.520000	2.725346e-02
13.525000	3.041697e-02
13.530000	3.427931e-02
13.535000	3.932667e-02
13.540000	4.356574e-02
13.545000	4.756836e-02
13.550000	5.071458e-02
13.555000	5.431139e-02
13.560000	6.010211e-02
13.565000	6.531979e-02
13.570000	6.881612e-02
13.575000	7.130493e-02
13.580000	7.328171e-02
13.585000	7.505300e-02
13.590000	7.710749e-02
13.595000	7.629849e-02
13.600000	7.263648e-02
13.605000	6.801635e-02
13.610000	6.097975e-02
13.615000	5.363785e-02
13.620000	4.823146e-02
13.625000	4.050287e-02
13.630000	3.039990e-02
13.635000	2.411404e-02
13.640000	1.630132e-02
13.645000	6.828605e-03
13.650000	-2.511078e-04
13.655000	-7.470610e-03
13.660000	-1.221042e-02
13.665000	-1.614242e-02
13.670000	-2.169708e-02
13.675000	-2.446832e-02
13.680000	-2.817492e-02
13.685000	-2.992895e-02
13.690000	-2.694905e-02
13.695000	-2.159411e-02
13.700000	-1.683836e-02
13.705000	-1.356897e-02
13.710000	-7.377440e-03
13.715000	-2.255299e-03
13.720000	5.379392e-03
13.725000	1.295219e-02
13.730000	1.585798e-02
13.735000	2.037725e-02
13.740000	2.544004e-02
13.745000	2.839640e-02
13.750000	3.297961e-02
13.755000	3.713628e-02
13.760000	3.529843e-02
13.765000	3.311894e-02
13.770000	2.955633e-02
13.775000	2.560044e-02
13.780000	2.042993e-02
13.785000	1.849380e-02
13.790000	1.653319e-02
13.795000	1.513913e-02
13.800000	1.559032e-02
13.805000	1.580031e-02
13.810000	1.703691e-02
13.815000	1.883106e-02
13.820000	1.968186e-02
13.825000	2.155558e-02
13.830000	2.275361e-02
13.835000	2.411367e-02
13.840000	2.361929e-02
13.845000	2.347478e-02
13.850000	2.393050e-02
13.855000	2.363538e-02
13.860000	2.218354e-02
13.865000	2.007223e-02
13.870000	1.813589e-02
13.875000	1.343849e-02
13.880000	9.341669e-03
13.885000	4.931820e-03
13.890000	-1.339354e-04
13.895000	-2.741443e-03
13.900000	-7.820717e-03
13.905000	-1.387674e-02
13.910000	-1.794411e-02
13.915000	-2.263461e-02
13.920000	-2.839313e-02
13.925000	-3.254776e-02
13.930000	-3.657644e-02
13.935000	-4.139308e-02
13.940000	-4.562122e-02
13.945000	-4.943764e-02
13.950000	-5.260733e-02
13.955000	-5.733635e-02
13.960000	-6.153923e-02
13.965000	-6.409071e-02
13.970000	-6.701868e-02
13.975000	-6.933123e-02
13.980000	-7.077484e-02
13.985000	-7.229196e-02
13.990000	-7.201542e-02
13.995000	-6.993596e-02
14.000000	-6.801159e-02
14.005000	-6.334851e-02
14.010000	-5.704668e-02
14.015000	-5.301136e-02
14.020000	-4.807533e-02
14.025000	-4.188379e-02
14.030000	-3.706654e-02
14.035000	-3.316554e-02
14.040000	-2.724200e-02
14.045000	-2.067654e-02
14.050000	-1.619911e-02
14.055000	-1.333773e-02
14.060000	-8.497404e-03
14.065000	-1.221017e-03
14.070000	2.794898e-03
14.075000	5.756999e-03
14.080000	1.239315e-02
14.085000	1.801146e-02
14.090000	2.128253e-02
14.095000	2.576243e-02
14.100000	3.033004e-02
14.105000	3.672971e-02
14.110000	4.191263e-02
14.115000	4.408111e-02
14.120000	4.550247e-02
14.125000	4.536057e-02
14.130000	4.429147e-02
14.135000	4.154195e-02
14.140000	3.845003e-02
14.145000	3.453944e-02
14.150000	2.974706e-02
14.155000	2.719531e-02
14.160000	2.474152e-02
14.165000	2.146619e-02
14.170000	1.866946e-02
14.175000	1.691678e-02
14.180000	1.536319e-02
14.185000	1.155517e-02
14.190000	1.008079e-02
14.195000	1.139892e-02
14.200000	1.140501e-02
14.205000	1.061097e-02
14.210000	1.049397e-02
14.215000	1.202983e-02
14.220000	1.471726e-02
14.225000	1.537268e-02
14.230000	1.668908e-02
14.235000	1.586353e-02
14.240000	1.735951e-02
14.245000	2.199418e-02
14.250000	2.521385e-02
14.255000	2.721937e-02
14.260000	2.817130e-02
14.265000	2.938501e-02
14.270000	3.361142e-02
14.275000	3.533421e-02
14.280000	3.304573e-02
14.285000	3.121819e-02
14.290000	3.127077e-02
14.295000	3.059137e-02
14.300000	2.645927e-02
14.305000	2.282248e-02
14.310000	2.055319e-02
14.315000	1.995483e-02
14.320000	1.868074e-02
14.325000	1.449954e-02
14.330000	1.123398e-02
14.335000	9.725582e-03
14.340000	9.314044e-03
14.345000	8.538204e-03
14.350000	6.599602e-03
14.355000	3.648181e-03
14.360000	2.503819e-03
14.365000	2.288657e-03
14.370000	3.118045e-03
14.375000	5.205094e-03
14.380000	8.545462e-03
14.385000	1.114492e-02
14.390000	1.404665e-02
14.395000	1.864274e-02
14.400000	2.385708e-02
14.405000	2.780760e-02
14.410000	3.166720e-02
14.415000	3.332101e-02
14.420000	3.544439e-02
14.425000	3.816591e-02
14.430000	3.798596e-02
14.435000	3.582904e-02
14.440000	3.376039e-02
14.445000	3.241875e-02
14.450000	3.015437e-02
14.455000	2.894975e-02
14.460000	2.714892e-02
14.465000	2.431420e-02
14.470000	2.303209e-02
14.475000	2.122031e-02
14.480000	1.822822e-02
14.485000	1.692931e-02
14.490000	1.604497e-02
14.495000	1.487888e-02
14.500000	1.401012e-02
14.505000	1.164151e-02
14.510000	8.688757e-03
14.515000	6.651314e-03
14.520000	5.820944e-03
14.525000	3.142856e-03
14.530000	-2.319245e-03
14.535000	-6.296880e-03
14.540000	-9.368344e-03
14.545000	-1.496073e-02
14.550000	-2.044301e-02
14.555000	-2.442476e-02
14.560000	-3.046187e-02
14.565000	-3.623083e-02
14.570000	-4.037411e-02
14.575000	-4.624345e-02
14.580000	-5.226525e-02
14.585000	-5.859846e-02
14.590000	-6.341478e-02
14.595000	-6.844403e-02
14.600000	-7.371851e-02
14.605000	-7.673118e-02
14.610000	-8.021605e-02
14.615000	-8.552764e-02
14.620000	-8.967688e-02
14.625000	-9.235671e-02
14.630000	-9.312500e-02
14.635000	-8.936881e-02
14.640000	-8.401859e-02
14.645000	-7.948016e-02
14.650000	-7.192830e-02
14.655000	-6.264394e-02
14.660000	-5.404183e-02
14.665000	-4.471228e-02
14.670000	-3.456268e-02
14.675000	-2.571873e-02
14.680000	-1.668138e-02
14.685000	-8.019165e-03
14.690000	-1.149918e-03
14.695000	5.324213e-03
14.700000	9.129579e-03
14.705000	1.168632e-02
14.710000	1.364920e-02
14.715000	1.206685e-02
14.720000	7.511072e-03
14.725000	-4.561321e-04
14.730000	-6.399014e-03
14.735000	-1.063512e-02
14.740000	-1.595646e-02
14.745000	-2.143269e-02
14.750000	-2.425324e-02
14.755000	-2.677161e-02
14.760000	-3.026222e-02
14.765000	-3.340311e-02
14.770000	-3.562684e-02
14.775000	-3.656383e-02
14.780000	-3.725608e-02
14.785000	-3.373557e-02
14.790000	-2.922064e-02
14.795000	-2.453513e-02
14.800000	-1.988728e-02
14.805000	-1.329181e-02
14.810000	-9.301156e-03
14.815000	-4.534239e-03
14.820000	-9.921604e-04
14.825000	5.896505e-04
14.830000	2.769410e-03
14.835000	3.037965e-03
14.840000	1.481349e-03
14.845000	-2.805604e-03
14.850000	-7.988789e-03
14.855000	-1.225133e-02
14.860000	-1.831994e-02
14.865000	-2.210111e-02
14.870000	-2.419091e-02
14.875000	-2.577839e-02
14.880000	-2.591321e-02
14.885000	-2.620787e-02
14.890000	-2.553050e-02
14.895000	-2.213158e-02
14.900000	-1.767602e-02
14.905000	-1.281661e-02
14.910000	-9.325334e-03
14.915000	-5.186691e-03
14.920000	-2.087858e-03
14.925000	2.139168e-03
14.930000	7.358781e-03
14.935000	8.911671e-03
14.940000	9.284588e-03
14.945000	1.174616e-02
14.950000	1.307220e-02
14.955000	1.503846e-02
14.960000	1.467130e-02
14.965000	1.579317e-02
14.970000	1.812037e-02
14.975000	1.761921e-02
14.980000	1.904345e-02
14.985000	2.155138e-02
14.990000	2.049468e-02
14.995000	1.977153e-02
15.000000	2.045198e-02
15.005000	2.240259e-02
15.010000	2.463016e-02
15.015000	2.347714e-02
15.020000	2.299640e-02
15.025000	2.353041e-02
15.030000	2.373402e-02
15.035000	2.280092e-02
15.040000	2.077027e-02
15.045000	2.012755e-02
15.050000	2.095174e-02
15.055000	2.114805e-02
15.060000	2.083318e-02
15.065000	2.047859e-02
15.070000	2.022401e-02
15.075000	2.070697e-02
15.080000	2.251631e-02
15.085000	2.451551e-02
15.090000	2.303115e-02
15.095000	2.264392e-02
15.100000	2.503897e-02
15.105000	2.884323e-02
15.110000	2.945407e-02
15.115000	2.756828e-02
15.120000	2.490781e-02
15.125000	2.611276e-02
15.130000	2.709796e-02
15.135000	2.690008e-02
15.140000	2.662315e-02
15.145000	2.625628e-02
15.150000	2.619698e-02
15.155000	2.685622e-02
15.160000	2.876399e-02
15.165000	3.026619e-02
15.170000	2.922962e-02
15.175000	2.869404e-02
15.180000	2.911585e-02
15.185000	3.005221e-02
15.190000	3.132416e-02
15.195000	3.093286e-02
15.200000	2.854514e-02
15.205000	2.936118e-02
15.210000	2.958610e-02
15.215000	2.720637e-02
15.220000	2.400655e-02
15.225000	2.272343e-02
15.230000	2.151491e-02
15.235000	1.802004e-02
15.240000	1.736118e-02
15.245000	2.005855e-02
15.250000	2.220261e-02
15.255000	2.300782e-02
15.260000	2.559359e-02
15.265000	2.702816e-02
15.270000	2.822867e-02
15.275000	3.133853e-02
15.280000	3.288711e-02
15.285000	3.421816e-02
15.290000	3.778250e-02
15.295000	3.914998e-02
15.300000	3.763742e-02
15.305000	3.523296e-02
15.310000	3.179275e-02
15.315000	2.915582e-02
15.320000	2.610937e-02
15.325000	2.068513e-02
15.330000	1.477131e-02
15.335000	1.074240e-02
15.340000	6.924542e-03
15.345000	2.969268e-03
15.350000	2.836878e-04
15.355000	-2.733128e-03
15.360000	-5.241974e-03
15.365000	-6.560703e-03
15.370000	-7.929410e-03
15.375000	-9.204138e-03
15.380000	-8.789831e-03
15.385000	-7.958938e-03
15.390000	-6.458086e-03
15.395000	-5.405747e-03
15.400000	-4.891956e-03
15.405000	-2.885936e-03
15.410000	-6.373833e-04
15.415000	7.873974e-04
15.420000	1.940731e-03
15.425000	2.863215e-03
15.430000	2.564056e-03
15.435000	2.731143e-03
15.440000	2.357309e-03
15.445000	-1.200062e-04
15.450000	-3.691836e-03
15.455000	-6.947358e-03
15.460000	-1.065822e-02
15.465000	-1.514368e-02
15.470000	-1.845480e-02
15.475000	-2.191109e-02
15.480000	-2.686917e-02
15.485000	-3.042772e-02
15.490000	-3.299245e-02
15.495000	-3.605175e-02
15.500000	-3.812339e-02
15.505000	-3.815438e-02
15.510000	-3.793950e-02
15.515000	-3.829888e-02
15.520000	-3.778325e-02
15.525000	-3.586642e-02
15.530000	-3.395588e-02
15.535000	-3.116088e-02
15.540000	-2.876379e-02
15.545000	-2.637800e-02
15.550000	-2.313495e-02
15.555000	-2.023319e-02
15.560000	-1.828387e-02
15.565000	-1.724804e-02
15.570000	-1.554111e-02
15.575000	-1.503234e-02
15.580000	-1.557272e-02
15.585000	-1.534544e-02
15.590000	-1.399859e-02
15.595000	-1.213045e-02
15.600000	-1.183456e-02
15.605000	-1.144658e-02
15.610000	-9.260655e-03
15.615000	-8.439785e-03
15.620000	-9.097029e-03
15.625000	-1.070766e-02
15.630000	-1.374913e-02
15.635000	-1.541032e-02
15.640000	-1.576524e-02
15.645000	-1.883401e-02
15.650000	-2.219313e-02
15.655000	-2.488258e-02
15.660000	-2.799205e-02
15.665000	-3.244599e-02
15.670000	-3.704876e-02
15.675000	-3.829105e-02
15.680000	-3.993480e-02
15.685000	-4.562659e-02
15.690000	-4.918834e-02
15.695000	-5.161537e-02
15.700000	-5.429392e-02
15.705000	-5.602447e-02
15.710000	-5.692323e-02
15.715000	-5.917090e-02
15.720000	-6.048759e-02
15.725000	-6.194910e-02
15.730000	-6.214630e-02
15.735000	-6.346227e-02
15.740000	-6.569857e-02
15.745000	-6.398475e-02
15.750000	-6.116597e-02
15.755000	-6.150815e-02
15.760000	-6.250180e-02
15.765000	-6.347221e-02
15.770000	-6.501506e-02
15.775000	-6.490849e-02
15.780000	-6.274029e-02
15.785000	-6.159007e-02
15.790000	-6.117118e-02
15.795000	-5.905719e-02
15.800000	-5.709001e-02
15.805000	-5.381146e-02
15.810000	-4.954949e-02
15.815000	-4.860997e-02
15.820000	-4.611487e-02
15.825000	-4.020323e-02
15.830000	-3.574878e-02
15.835000	-3.156144e-02
15.840000	-2.895551e-02
15.845000	-2.535939e-02
15.850000	-2.021840e-02
15.855000	-1.606906e-02
15.860000	-9.708474e-03
15.865000	-3.417159e-03
15.870000	-2.210168e-03
15.875000	1.666273e-03
15.880000	8.099419e-03
15.885000	1.184270e-02
15.890000	1.493042e-02
15.895000	1.513481e-02
15.900000	1.863297e-02
15.905000	2.067297e-02
15.910000	1.983288e-02
15.915000	2.132562e-02
15.920000	2.368217e-02
15.925000	2.316010e-02
15.930000	2.422782e-02
15.935000	2.700270e-02
15.940000	2.757977e-02
15.945000	2.949426e-02
15.950000	3.030250e-02
15.955000	3.257332e-02
15.960000	3.359785e-02
15.965000	3.538444e-02
15.970000	3.484879e-02
15.975000	3.465790e-02
15.980000	3.490247e-02
15.985000	3.364601e-02
15.990000	3.144868e-02
15.995000	3.046695e-02
16.000000	2.732098e-02
16.005000	2.548256e-02
16.010000	2.492911e-02
16.015000	2.254371e-02
16.020000	2.357732e-02
16.025000	2.554140e-02
16.030000	2.715925e-02
16.035000	2.579433e-02
16.040000	2.665757e-02
16.045000	3.076968e-02
16.050000	3.477189e-02
16.055000	4.005084e-02
16.060000	4.547316e-02
16.065000	4.593372e-02
16.070000	5.266730e-02
16.075000	5.839820e-02
16.080000	6.161678e-02
16.085000	6.651135e-02
16.090000	6.859396e-02
16.095000	7.125817e-02
16.100000	7.503999e-02
16.105000	7.878704e-02
16.110000	8.039406e-02
16.115000	7.697315e-02
16.120000	6.961237e-02
16.125000	6.079306e-02
16.130000	5.696007e-02
16.135000	5.133337e-02
16.140000	4.582731e-02
16.145000	4.150049e-02
16.150000	3.728574e-02
16.155000	3.273918e-02
16.160000	2.963642e-02
16.165000	2.561544e-02
16.170000	2.169994e-02
16.175000	1.974398e-02
16.180000	1.674837e-02
16.185000	1.776438e-02
16.190000	1.790553e-02
16.195000	1.801568e-02
16.200000	2.034743e-02
16.205000	2.461314e-02
16.210000	2.857008e-02
16.215000	2.945358e-02
16.220000	3.134233e-02
16.225000	3.577637e-02
16.230000	3.424616e-02
16.235000	3.422401e-02
16.240000	3.673550e-02
16.245000	3.756648e-02
16.250000	3.247396e-02
16.255000	2.872825e-02
16.260000	2.686314e-02
16.265000	2.563498e-02
16.270000	2.450344e-02
16.275000	2.048200e-02
16.280000	1.465676e-02
16.285000	1.146734e-02
16.290000	5.960127e-03
16.295000	-2.526429e-04
16.300000	-3.831428e-03
16.305000	-1.038441e-02
16.310000	-1.579420e-02
16.315000	-2.310018e-02
16.320000	-2.980515e-02
16.325000	-3.261421e-02
16.330000	-3.895198e-02
16.335000	-4.401053e-02
16.340000	-4.617185e-02
16.345000	-4.901145e-02
16.350000	-5.060705e-02
16.355000	-4.999465e-02
16.360000	-5.026135e-02
16.365000	-5.045842e-02
16.370000	-4.910980e-02
16.375000	-4.719738e-02
16.380000	-4.782385e-02
16.385000	-4.652714e-02
16.390000	-4.394638e-02
16.395000	-4.488039e-02
16.400000	-4.538968e-02
16.405000	-4.500669e-02
16.410000	-4.455184e-02
16.415000	-4.447445e-02
16.420000	-4.562101e-02
16.425000	-4.785018e-02
16.430000	-4.864270e-02
16.435000	-4.741639e-02
16.440000	-4.561732e-02
16.445000	-4.385330e-02
16.450000	-4.494497e-02
16.455000	-4.409233e-02
16.460000	-4.139421e-02
16.465000	-4.031595e-02
16.470000	-3.719941e-02
16.475000	-3.530574e-02
16.480000	-3.355523e-02
16.485000	-2.912991e-02
16.490000	-2.875955e-02
16.495000	-2.565490e-02
16.500000	-2.316618e-02
16.505000	-2.228976e-02
16.510000	-1.979250e-02
16.515000	-1.623424e-02
16.520000	-1.413430e-02
16.525000	-1.346594e-02
16.530000	-1.125467e-02
16.535000	-7.596797e-03
16.540000	-4.690680e-03
16.545000	-1.819685e-03
16.550000	2.350571e-03
16.555000	7.589900e-03
16.560000	1.149822e-02
16.565000	1.774900e-02
16.570000	2.297030e-02
16.575000	2.678170e-02
16.580000	3.199676e-02
16.585000	3.700049e-02
16.590000	3.922395e-02
16.595000	4.158980e-02
16.600000	4.370127e-02
16.605000	4.494495e-02
16.610000	4.729174e-02
16.615000	4.514779e-02
16.620000	4.094876e-02
16.625000	3.777289e-02
16.630000	3.446379e-02
16.635000	3.246776e-02
16.640000	2.890414e-02
16.645000	2.789341e-02
16.650000	2.640108e-02
16.655000	2.601584e-02
16.660000	2.639764e-02
16.665000	2.728884e-02
16.670000	2.932383e-02
16.675000	3.008962e-02
16.680000	3.191450e-02
16.685000	3.312187e-02
16.690000	3.484328e-02
16.695000	3.463145e-02
16.700000	3.414558e-02
16.705000	3.440493e-02
16.710000	3.495599e-02
16.715000	3.531795e-02
16.720000	3.411157e-02
16.725000	3.014979e-02
16.730000	2.527432e-02
16.735000	2.099343e-02
16.740000	2.033376e-02
16.745000	2.006495e-02
16.750000	1.625112e-02
16.755000	1.265031e-02
16.760000	1.112346e-02
16.765000	1.029739e-02
16.770000	7.053122e-03
16.775000	4.857887e-03
16.780000	5.579520e-03
16.785000	5.836546e-03
16.790000	5.248944e-03
16.795000	5.157625e-03
16.800000	6.639688e-03
16.805000	8.845443e-03
16.810000	8.321824e-03
16.815000	7.434101e-03
16.820000	7.836708e-03
16.825000	9.538322e-03
16.830000	1.171441e-02
16.835000	1.126043e-02
16.840000	1.073177e-02
16.845000	1.107939e-02
16.850000	1.107645e-02
16.855000	9.718145e-03
16.860000	7.731467e-03
16.865000	8.297877e-03
16.870000	8.722306e-03
16.875000	7.195350e-03
16.880000	4.889197e-03
16.885000	4.564473e-03
16.890000	3.435154e-03
16.895000	1.244848e-03
16.900000	-6.744978e-04
16.905000	-1.327773e-03
16.910000	-3.825648e-03
16.915000	-7.477595e-03
16.920000	-1.031336e-02
16.925000	-1.303217e-02
16.930000	-1.589582e-02
16.935000	-1.897955e-02
16.940000	-2.171658e-02
16.945000	-2.380517e-02
16.950000	-2.573711e-02
16.955000	-2.936420e-02
16.960000	-3.152944e-02
16.965000	-3.358759e-02
16.970000	-3.577058e-02
16.975000	-3.579537e-02
16.980000	-3.621619e-02
16.985000	-3.861690e-02
16.990000	-4.043245e-02
16.995000	-4.190365e-02
17.000000	-4.210504e-02
17.005000	-4.157064e-02
17.010000	-4.163645e-02
17.015000	-4.187664e-02
17.020000	-4.204523e-02
17.025000	-4.234309e-02
17.030000	-4.246384e-02
17.035000	-4.130465e-02
17.040000	-3.798636e-02
17.045000	-3.471471e-02
17.050000	-3.314975e-02
17.055000	-3.269085e-02
17.060000	-3.112152e-02
17.065000	-2.940962e-02
17.070000	-2.761405e-02
17.075000	-2.636652e-02
17.080000	-2.494862e-02
17.085000	-2.336941e-02
17.090000	-2.085767e-02
17.095000	-1.858797e-02
17.100000	-1.763582e-02
17.105000	-1.520615e-02
17.110000	-1.250907e-02
17.115000	-1.146467e-02
17.120000	-1.027888e-02
17.125000	-9.994255e-03
17.130000	-9.376193e-03
17.135000	-6.082181e-03
17.140000	-2.251088e-03
17.145000	4.011940e-04
17.150000	1.874010e-03
17.155000	2.412747e-03
17.160000	4.036140e-03
17.165000	6.085009e-03
17.170000	7.807547e-03
17.175000	8.552920e-03
17.180000	7.865311e-03
17.185000	6.860641e-03
17.190000	5.341544e-03
17.195000	4.895311e-03
17.200000	4.822174e-03
17.205000	2.988595e-03
17.210000	1.865601e-03
17.215000	2.536469e-03
17.220000	2.501180e-03
17.225000	2.027383e-03
17.230000	2.603477e-03
17.235000	5.232872e-03
17.240000	8.776404e-03
17.245000	1.130618e-02
17.250000	1.380284e-02
17.255000	1.741892e-02
17.260000	2.221649e-02
17.265000	2.624904e-02
17.270000	2.914453e-02
17.275000	3.304810e-02
17.280000	3.610872e-02
17.285000	3.851969e-02
17.290000	4.137048e-02
17.295000	4.323280e-02
17.300000	4.597510e-02
17.305000	4.653976e-02
17.310000	4.579201e-02
17.315000	4.608700e-02
17.320000	4.654178e-02
17.325000	4.605936e-02
17.330000	4.425978e-02
17.335000	4.241125e-02
17.340000	4.060463e-02
17.345000	3.819609e-02
17.350000	3.709759e-02
17.355000	3.514651e-02
17.360000	3.172758e-02
17.365000	2.998118e-02
17.370000	2.945567e-02
17.375000	2.866506e-02
17.380000	2.697170e-02
17.385000	2.491698e-02
17.390000	2.295708e-02
17.395000	2.060159e-02
17.400000	1.942278e-02
17.405000	1.673655e-02
17.410000	1.202240e-02
17.415000	9.877673e-03
17.420000	8.621868e-03
17.425000	4.794680e-03
17.430000	1.763468e-03
17.435000	-1.076934e-03
17.440000	-5.437401e-03
17.445000	-8.340032e-03
17.450000	-1.053829e-02
17.455000	-1.329801e-02
17.460000	-1.511583e-02
17.465000	-1.776459e-02
17.470000	-1.836638e-02
17.475000	-1.828038e-02
17.480000	-2.035679e-02
17.485000	-2.250717e-02
17.490000	-2.367502e-02
17.495000	-2.441650e-02
17.500000	-2.461764e-02
17.505000	-2.626773e-02
17.510000	-2.746980e-02
17.515000	-2.770988e-02
17.520000	-2.963950e-02
17.525000	-3.087262e-02
17.530000	-2.975350e-02
17.535000	-2.828047e-02
17.540000	-2.707533e-02
17.545000	-2.642151e-02
17.550000	-2.536822e-02
17.555000	-2.443556e-02
17.560000	-2.425510e-02
17.565000	-2.133880e-02
17.570000	-1.727302e-02
17.575000	-1.536705e-02
17.580000	-1.321781e-02
17.585000	-1.262858e-02
17.590000	-1.119870e-02
17.595000	-7.117557e-03
17.600000	-3.743943e-03
17.605000	-8.750318e-04
17.610000	1.468496e-03
17.615000	2.314590e-03
17.620000	1.702849e-03
17.625000	1.620975e-03
17.630000	8.351126e-04
17.635000	-7.484169e-04
17.640000	-9.848876e-04
17.645000	-1.354914e-04
17.650000	-5.337404e-05
17.655000	-1.115899e-03
17.660000	-3.163416e-03
17.665000	-4.069160e-03
17.670000	-1.367523e-03
17.675000	4.167949e-04
17.680000	-4.305049e-04
17.685000	6.591486e-04
17.690000	3.031253e-03
17.695000	4.601652e-03
17.700000	7.371521e-03
17.705000	8.615318e-03
17.710000	9.830212e-03
17.715000	1.390848e-02
17.720000	1.673423e-02
17.725000	1.698559e-02
17.730000	1.618864e-02
17.735000	1.759854e-02
17.740000	2.003578e-02
17.745000	2.067402e-02
17.750000	1.949038e-02
17.755000	1.774624e-02
17.760000	1.602467e-02
17.765000	1.501649e-02
17.770000	1.184534e-02
17.775000	8.778233e-03
17.780000	5.477087e-03
17.785000	7.708097e-04
17.790000	-3.621216e-03
17.795000	-5.577106e-03
17.800000	-8.201322e-03
17.805000	-1.162378e-02
17.810000	-1.492172e-02
17.815000	-1.745928e-02
17.820000	-1.863933e-02
17.825000	-1.948010e-02
17.830000	-2.159365e-02
17.835000	-2.294882e-02
17.840000	-2.494784e-02
17.845000	-2.615139e-02
17.850000	-2.755768e-02
17.855000	-2.707706e-02
17.860000	-2.630987e-02
17.865000	-2.506658e-02
17.870000	-2.355695e-02
17.875000	-2.338743e-02
17.880000	-2.134210e-02
17.885000	-1.910230e-02
17.890000	-1.814420e-02
17.895000	-1.843751e-02
17.900000	-1.666074e-02
17.905000	-1.469947e-02
17.910000	-1.551281e-02
17.915000	-1.582906e-02
17.920000	-1.534531e-02
17.925000	-1.504918e-02
17.930000	-1.563110e-02
17.935000	-1.759447e-02
17.940000	-1.914720e-02
17.945000	-1.811222e-02
17.950000	-1.770688e-02
17.955000	-1.826430e-02
17.960000	-1.869217e-02
17.965000	-1.822654e-02
17.970000	-1.581533e-02
17.975000	-1.271854e-02
17.980000	-1.174379e-02
17.985000	-1.070583e-02
17.990000	-6.866908e-03
17.995000	-4.227894e-03
18.000000	-3.199707e-03
18.005000	-1.816709e-03
18.010000	1.681735e-03
18.015000	3.010567e-03
18.020000	2.187213e-03
18.025000	1.771301e-03
18.030000	3.843020e-05
18.035000	-3.522975e-03
18.040000	-6.392752e-03
18.045000	-9.007827e-03
18.050000	-1.127227e-02
18.055000	-1.263321e-02
18.060000	-1.370078e-02
18.065000	-1.556164e-02
18.070000	-1.516660e-02
18.075000	-1.411026e-02
18.080000	-1.179766e-02
18.085000	-7.824750e-03
18.090000	-3.278728e-03
18.095000	-6.692927e-04
18.100000	3.598548e-03
18.105000	7.937018e-03
18.110000	8.554623e-03
18.115000	9.246305e-03
18.120000	1.119830e-02
18.125000	1.104955e-02
18.130000	1.106152e-02
18.135000	1.109533e-02
18.140000	1.011748e-02
18.145000	8.632726e-03
18.150000	8.006144e-03
18.155000	7.387874e-03
18.160000	5.686671e-03
18.165000	5.174944e-03
18.170000	5.766667e-03
18.175000	5.720552e-03
18.180000	5.298108e-03
18.185000	5.125665e-03
18.190000	5.857890e-03
18.195000	7.560387e-03
18.200000	8.267149e-03
18.205000	6.147401e-03
18.210000	5.325839e-03
18.215000	5.077105e-03
18.220000	5.628472e-03
18.225000	5.701506e-03
18.230000	5.370995e-03
18.235000	5.504546e-03
18.240000	6.481903e-03
18.245000	8.017371e-03
18.250000	9.234265e-03
18.255000	1.187596e-02
18.260000	1.594015e-02
18.265000	1.838477e-02
18.270000	2.312056e-02
18.275000	2.553614e-02
18.280000	2.774985e-02
18.285000	3.086285e-02
18.290000	3.472706e-02
18.295000	3.970288e-02
18.300000	4.352492e-02
18.305000	4.383494e-02
18.310000	4.504174e-02
18.315000	4.893862e-02
18.320000	5.030672e-02
18.325000	4.942258e-02
18.330000	4.940498e-02
18.335000	4.929626e-02
18.340000	4.771144e-02
18.345000	4.597058e-02
18.350000	4.591722e-02
18.355000	4.485032e-02
18.360000	4.343842e-02
18.365000	4.111377e-02
18.370000	3.748223e-02
18.375000	3.577490e-02
18.380000	3.284644e-02
18.385000	2.944819e-02
18.390000	2.607640e-02
18.395000	2.341246e-02
18.400000	2.117207e-02
18.405000	1.627100e-02
18.410000	1.147475e-02
18.415000	8.882397e-03
18.420000	4.559893e-03
18.425000	3.303563e-05
18.430000	-1.665771e-03
18.435000	-3.985744e-03
18.440000	-6.938946e-03
18.445000	-7.771398e-03
18.450000	-9.160611e-03
18.455000	-8.860077e-03
18.460000	-8.867042e-03
18.465000	-8.812464e-03
18.470000	-7.377727e-03
18.475000	-5.371055e-03
18.480000	-3.859569e-03
18.485000	-8.716460e-04
18.490000	5.321672e-04
18.495000	1.276877e-03
18.500000	2.784097e-03
18.505000	2.450971e-03
18.510000	2.539220e-03
18.515000	2.332635e-03
18.520000	5.669039e-04
18.525000	-1.729224e-03
18.530000	-2.716841e-03
18.535000	-3.276059e-03
18.540000	-2.738623e-03
18.545000	-2.734982e-03
18.550000	-3.079283e-03
18.555000	-3.209629e-03
18.560000	-3.260110e-03
18.565000	-3.231157e-03
18.570000	-3.136535e-03
18.575000	-2.919972e-03
18.580000	-2.957816e-03
18.585000	-3.931084e-03
18.590000	-5.886454e-03
18.595000	-6.616075e-03
18.600000	-5.649401e-03
18.605000	-6.145625e-03
18.610000	-8.383150e-03
18.615000	-1.038831e-02
18.620000	-1.154870e-02
18.625000	-1.217527e-02
18.630000	-1.154013e-02
18.635000	-1.158026e-02
18.640000	-1.211255e-02
18.645000	-1.221174e-02
18.650000	-1.135438e-02
18.655000	-9.493164e-03
18.660000	-8.585333e-03
18.665000	-8.583432e-03
18.670000	-6.907069e-03
18.675000	-5.641901e-03
18.680000	-6.144548e-03
18.685000	-6.279611e-03
18.690000	-6.868025e-03
18.695000	-8.535072e-03
18.700000	-9.686425e-03
18.705000	-1.005888e-02
18.710000	-1.185807e-02
18.715000	-1.471335e-02
18.720000	-1.864308e-02
18.725000	-2.342409e-02
18.730000	-2.796597e-02
18.735000	-3.181490e-02
18.740000	-3.504517e-02
18.745000	-3.690566e-02
18.750000	-4.034854e-02
18.755000	-4.457730e-02
18.760000	-4.745175e-02
18.765000	-5.016903e-02
18.770000	-5.240329e-02
18.775000	-5.368061e-02
18.780000	-5.511419e-02
18.785000	-5.634673e-02
18.790000	-5.564617e-02
18.795000	-5.434820e-02
18.800000	-5.260501e-02
18.805000	-5.026889e-02
18.810000	-4.723692e-02
18.815000	-4.346623e-02
18.820000	-3.873733e-02
18.825000	-3.507613e-02
18.830000	-3.322994e-02
18.835000	-3.033272e-02
18.840000	-2.594162e-02
18.845000	-2.086487e-02
18.850000	-1.800263e-02
18.855000	-1.788014e-02
18.860000	-1.583188e-02
18.865000	-1.162586e-02
18.870000	-9.048985e-03
18.875000	-8.280402e-03
18.880000	-7.280661e-03
18.885000	-5.329127e-03
18.890000	-3.493049e-03
18.895000	-1.649941e-03
18.900000	-3.358669e-04
18.905000	-8.562183e-04
18.910000	-3.257056e-03
18.915000	-3.621540e-03
18.920000	-2.439568e-03
18.925000	-3.052123e-03
18.930000	-5.349414e-03
18.935000	-7.046040e-03
18.940000	-8.186396e-03
18.945000	-9.204321e-03
18.950000	-1.083874e-02
18.955000	-1.235035e-02
18.960000	-1.379380e-02
18.965000	-1.399718e-02
18.970000	-1.339784e-02
18.975000	-1.347987e-02
18.980000	-1.383327e-02
18.985000	-1.380462e-02
18.990000	-1.270762e-02
18.995000	-1.057262e-02
19.000000	-9.223858e-03
19.005000	-7.691562e-03
19.010000	-6.153349e-03
19.015000	-4.552874e-03
19.020000	-4.192718e-03
19.025000	-4.741069e-03
19.030000	-4.399218e-03
19.035000	-2.908844e-03
19.040000	-8.242947e-04
19.045000	-4.266352e-04
19.050000	-9.234207e-05
19.055000	1.898052e-03
19.060000	3.065387e-03
19.065000	4.095875e-03
19.070000	5.713083e-03
19.075000	7.225851e-03
19.080000	9.195358e-03
19.085000	1.213927e-02
19.090000	1.512141e-02
19.095000	1.786990e-02
19.100000	2.129584e-02
19.105000	2.568742e-02
19.110000	2.949312e-02
19.115000	3.209723e-02
19.120000	3.557210e-02
19.125000	4.060820e-02
19.130000	4.494838e-02
19.135000	4.901248e-02
19.140000	5.205063e-02
19.145000	5.439576e-02
19.150000	5.714048e-02
19.155000	5.915114e-02
19.160000	6.010792e-02
19.165000	6.150944e-02
19.170000	6.181807e-02
19.175000	6.113234e-02
19.180000	6.099795e-02
19.185000	6.112587e-02
19.190000	6.111178e-02
19.195000	6.026751e-02
19.200000	5.801188e-02
19.205000	5.520227e-02
19.210000	5.307986e-02
19.215000	5.054178e-02
19.220000	4.746666e-02
19.225000	4.417870e-02
19.230000	4.029768e-02
19.235000	3.642493e-02
19.240000	3.453746e-02
19.245000	3.187489e-02
19.250000	2.900422e-02
19.255000	2.718247e-02
19.260000	2.609328e-02
19.265000	2.440144e-02
19.270000	2.220301e-02
19.275000	1.902927e-02
19.280000	1.648672e-02
19.285000	1.472190e-02
19.290000	1.301709e-02
19.295000	1.106866e-02
19.300000	9.098234e-03
19.305000	8.852029e-03
19.310000	8.626774e-03
19.315000	6.871988e-03
19.320000	5.389507e-03
19.325000	5.487495e-03
19.330000	5.937425e-03
19.335000	5.638885e-03
19.340000	4.222744e-03
19.345000	2.179393e-03
19.350000	1.878228e-03
19.355000	2.515757e-03
19.360000	2.428001e-03
19.365000	2.052581e-03
19.370000	1.780346e-03
19.375000	1.714559e-03
19.380000	1.759167e-03
19.385000	1.706615e-03
19.390000	1.094517e-03
19.395000	-2.443346e-04
19.400000	-1.371678e-03
19.405000	-2.057918e-03
19.410000	-3.531051e-03
19.415000	-4.959216e-03
19.420000	-7.098426e-03
19.425000	-9.146089e-03
19.430000	-9.938617e-03
19.435000	-1.156523e-02
19.440000	-1.320296e-02
19.445000	-1.394078e-02
19.450000	-1.474927e-02
19.455000	-1.620770e-02
19.460000	-1.660337e-02
19.465000	-1.629985e-02
19.470000	-1.630160e-02
19.475000	-1.539891e-02
19.480000	-1.299621e-02
19.485000	-1.111214e-02
19.490000	-1.049283e-02
19.495000	-8.615178e-03
19.500000	-6.442289e-03
19.505000	-5.580310e-03
19.510000	-4.513528e-03
19.515000	-4.087709e-03
19.520000	-4.294920e-03
19.525000	-4.329661e-03
19.530000	-5.063275e-03
19.535000	-6.448234e-03
19.540000	-6.703504e-03
19.545000	-6.945464e-03
19.550000	-8.581283e-03
19.555000	-9.725033e-03
19.560000	-1.090294e-02
19.565000	-1.199134e-02
19.570000	-1.306047e-02
19.575000	-1.307893e-02
19.580000	-1.272154e-02
19.585000	-1.366982e-02
19.590000	-1.536098e-02
19.595000	-1.543254e-02
19.600000	-1.451247e-02
19.605000	-1.432083e-02
19.610000	-1.541391e-02
19.615000	-1.772494e-02
19.620000	-1.914417e-02
19.625000	-1.887960e-02
19.630000	-1.936470e-02
19.635000	-2.095081e-02
19.640000	-2.235468e-02
19.645000	-2.282795e-02
19.650000	-2.357499e-02
19.655000	-2.432999e-02
19.660000	-2.551307e-02
19.665000	-2.667317e-02
19.670000	-2.754547e-02
19.675000	-2.844562e-02
19.680000	-2.860634e-02
19.685000	-2.897381e-02
19.690000	-2.947253e-02
19.695000	-2.915053e-02
19.700000	-2.876179e-02
19.705000	-2.844503e-02
19.710000	-2.720589e-02
19.715000	-2.466392e-02
19.720000	-2.289085e-02
19.725000	-2.284088e-02
19.730000	-2.229166e-02
19.735000	-2.031339e-02
19.740000	-1.875718e-02
19.745000	-1.733822e-02
19.750000	-1.627436e-02
19.755000	-1.484224e-02
19.760000	-1.454231e-02
19.765000	-1.456911e-02
19.770000	-1.424593e-02
19.775000	-1.373871e-02
19.780000	-1.265237e-02
19.785000	-1.102540e-02
19.790000	-1.000217e-02
19.795000	-8.126745e-03
19.800000	-6.841195e-03
19.805000	-6.216389e-03
19.810000	-3.817689e-03
19.815000	-1.212694e-03
19.820000	7.300778e-04
19.825000	3.610529e-03
19.830000	5.292293e-03
19.835000	6.656818e-03
19.840000	8.424170e-03
19.845000	1.026426e-02
19.850000	1.203881e-02
19.855000	1.344683e-02
19.860000	1.415528e-02
19.865000	1.448201e-02
19.870000	1.589950e-02
19.875000	1.667284e-02
19.880000	1.666409e-02
19.885000	1.629998e-02
19.890000	1.612288e-02
19.895000	1.589080e-02
19.900000	1.497504e-02
19.905000	1.372401e-02
19.910000	1.359588e-02
19.915000	1.299071e-02
19.920000	1.153577e-02
19.925000	1.100181e-02
19.930000	1.016800e-02
19.935000	9.469446e-03
19.940000	9.449722e-03
19.945000	9.350759e-03
19.950000	9.054059e-03
19.955000	8.794560e-03
19.960000	8.642296e-03
19.965000	8.576211e-03
19.970000	8.346090e-03
19.975000	7.587706e-03
19.980000	6.350575e-03
19.985000	5.663632e-03
19.990000	4.295137e-03
19.995000	3.297684e-03
20.000000	2.860411e-03
20.005000	1.420696e-03
20.010000	3.353420e-04
20.015000	-1.664931e-05
20.020000	-9.577972e-04
20.025000	-1.421092e-03
20.030000	-2.277109e-03
20.035000	-1.920946e-03
20.040000	-1.699883e-03
20.045000	-1.819103e-03
20.050000	-1.831810e-03
20.055000	-1.805455e-03
20.060000	-1.717285e-03
20.065000	-1.665686e-03
20.070000	-1.604255e-03
20.075000	-1.527431e-03
20.080000	-1.404397e-03
20.085000	-1.351287e-03
20.090000	-1.514719e-03
20.095000	-1.921341e-03
20.100000	-1.905906e-03
20.105000	-7.396784e-04
20.110000	-1.514975e-03
20.115000	-2.602583e-03
20.120000	-2.153675e-03
20.125000	-1.739137e-03
20.130000	-1.168223e-03
20.135000	-3.719047e-04
20.140000	-2.409807e-04
20.145000	3.467728e-04
20.150000	7.176603e-04
20.155000	1.949715e-03
20.160000	3.047566e-03
20.165000	3.615935e-03
20.170000	3.877239e-03
20.175000	4.054141e-03
20.180000	5.158938e-03
20.185000	5.501202e-03
20.190000	4.921020e-03
20.195000	4.720104e-03
20.200000	4.775348e-03
20.205000	4.632402e-03
20.210000	4.052306e-03
20.215000	3.191776e-03
20.220000	2.921046e-03
20.225000	2.405969e-03
20.230000	2.433134e-03
20.235000	2.231308e-03
20.240000	1.954832e-03
20.245000	2.246115e-03
20.250000	2.451283e-03
20.255000	2.731511e-03
20.260000	2.881876e-03
20.265000	3.296693e-03
20.270000	3.360380e-03
20.275000	3.200492e-03
20.280000	2.978836e-03
20.285000	2.838105e-03
20.290000	2.731434e-03
20.295000	2.582084e-03
20.300000	2.451718e-03
20.305000	2.310022e-03
20.310000	2.069622e-03
20.315000	1.595950e-03
20.320000	1.086986e-03
20.325000	8.517773e-04
20.330000	5.963228e-04
20.335000	5.193208e-04
20.340000	6.419077e-05
20.345000	-5.877164e-04
20.350000	-7.238544e-04
20.355000	-6.370865e-04
20.360000	-9.048818e-04
20.365000	-1.285954e-03
20.370000	-1.386361e-03
20.375000	-1.552997e-03
20.380000	-1.563068e-03
20.385000	-1.594317e-03
20.390000	-1.832041e-03
20.395000	-2.041840e-03
20.400000	-2.141728e-03
20.405000	-2.252778e-03
20.410000	-2.314030e-03
20.415000	-2.432797e-03
20.420000	-2.607389e-03
20.425000	-2.881121e-03
20.430000	-2.982923e-03
20.435000	-2.941943e-03
20.440000	-3.001861e-03
20.445000	-3.180394e-03
20.450000	-3.208236e-03
20.455000	-3.179004e-03
20.460000	-3.194298e-03
20.465000	-3.090996e-03
20.470000	-2.872910e-03
20.475000	-2.724848e-03
20.480000	-2.611221e-03
20.485000	-2.469169e-03
20.490000	-2.255628e-03
20.495000	-1.981698e-03
20.500000	-1.793925e-03
20.505000	-1.723670e-03
20.510000	-1.604289e-03
20.515000	-1.473079e-03
20.520000	-1.401589e-03
20.525000	-1.378876e-03
20.530000	-1.289718e-03
20.535000	-1.192183e-03
20.540000	-1.211950e-03
20.545000	-1.205317e-03
20.550000	-1.114336e-03
20.555000	-1.083320e-03
20.560000	-1.060506e-03
20.565000	-9.658287e-04
20.570000	-8.814046e-04
20.575000	-7.719267e-04
20.580000	-6.449458e-04
20.585000	-5.276428e-04
20.590000	-3.498981e-04
20.595000	-9.441689e-05
20.600000	1.063863e-04
20.605000	2.608359e-04
20.610000	4.174239e-04
20.615000	5.067515e-04
20.620000	6.019069e-04
20.625000	7.033959e-04
20.630000	7.647741e-04
20.635000	8.404984e-04
20.640000	9.090112e-04
20.645000	9.408489e-04
20.650000	9.909897e-04
20.655000	1.038594e-03
20.660000	1.058178e-03
20.665000	1.089910e-03
20.670000	1.109962e-03
20.675000	1.111545e-03
20.680000	1.132167e-03
20.685000	1.143735e-03
20.690000	1.127991e-03
20.695000	1.122255e-03
20.700000	1.110213e-03
20.705000	1.103583e-03
20.710000	1.085939e-03
20.715000	1.068673e-03
20.720000	1.039865e-03
20.725000	1.017504e-03
20.730000	1.003837e-03
20.735000	9.725159e-04
20.740000	9.467895e-04
20.745000	9.298478e-04
20.750000	9.055087e-04
20.755000	8.836197e-04
20.760000	8.577857e-04
20.765000	8.330404e-04
20.770000	8.032676e-04
20.775000	7.772002e-04
20.780000	7.573646e-04
20.785000	7.316013e-04
20.790000	7.069773e-04
20.795000	6.787816e-04
20.800000	6.544008e-04
20.805000	6.338402e-04
20.810000	6.105262e-04
20.815000	5.877948e-04
20.820000	5.631884e-04
20.825000	5.394237e-04
20.830000	5.179473e-04
20.835000	4.970314e-04
20.840000	4.769570e-04
20.845000	4.573891e-04
20.850000	4.388502e-04
20.855000	4.209482e-04
20.860000	4.039490e-04
20.865000	3.874808e-04
20.870000	3.717800e-04
20.875000	3.565537e-04
20.880000	3.419997e-04
20.885000	3.278666e-04
20.890000	3.143107e-04
20.895000	3.011109e-04
20.900000	2.883857e-04
20.905000	2.759647e-04
20.910000	2.639827e-04
20.915000	2.523226e-04
20.920000	2.410044e-04
20.925000	2.297525e-04
20.930000	2.187333e-04
20.935000	2.079880e-04
20.940000	1.974624e-04
20.945000	1.869829e-04
20.950000	1.767073e-04
20.955000	1.665719e-04
20.960000	1.565688e-04
20.965000	1.466549e-04
20.970000	1.368390e-04
20.975000	1.270919e-04
20.980000	1.174159e-04
20.985000	1.077919e-04
20.990000	9.821932e-05
20.995000	8.868591e-05
21.000000	7.919196e-05
21.005000	6.973461e-05
21.010000	6.031488e-05
